371 372 370 365 370 367 362 369 368 368 371 371 365 368 370 368 362 364 372 370 372 366 365 369 365 357 369 363 368 369 370 373 
371 372 370 365 370 367 362 369 368 368 371 371 365 368 370 368 362 364 372 370 372 366 365 369 365 357 369 363 368 369 370 373 
371 372 370 365 370 367 362 369 368 368 371 371 365 368 370 368 362 364 372 370 372 366 365 369 365 357 369 363 368 369 370 373 
371 372 370 365 370 367 362 369 368 368 371 371 365 368 370 368 362 364 372 370 372 366 365 369 365 357 369 363 368 369 370 373 
371 372 370 365 370 367 362 369 368 368 371 371 365 368 370 368 362 364 372 370 372 366 365 369 365 357 369 363 368 369 370 373 
25 24 26 0 30 27 0 26 23 0 27 21 0 26 26 24 34 26 23 28 0 27 28 25 26 0 0 33 27 29 23 23 
27 27 25 0 28 34 31 0 26 27 26 29 0 29 29 26 35 31 23 32 25 28 0 0 30 29 28 31 30 27 25 0 
0 20 23 21 21 22 25 0 0 23 21 22 19 0 20 23 0 27 18 23 23 18 0 0 23 21 20 20 0 19 20 0 
0 18 21 24 0 19 19 20 0 23 0 18 20 0 21 21 0 0 0 20 21 16 19 24 21 22 21 19 0 0 18 19 
14 0 0 15 0 16 15 22 20 26 0 17 16 15 17 0 22 0 0 21 18 19 16 19 0 25 19 0 21 0 0 17 
15 0 0 17 19 0 21 18 17 20 20 0 18 17 0 0 21 16 22 0 19 0 23 20 0 20 15 0 21 18 0 16 
21 21 19 16 21 0 0 19 19 0 20 0 22 18 0 20 25 19 19 0 0 0 23 23 19 0 0 22 22 22 20 17 
0 18 22 18 21 19 0 24 0 0 19 18 20 0 21 20 0 20 18 23 0 17 18 20 18 0 0 23 0 20 18 20 
20 20 19 19 0 20 0 19 18 0 0 17 23 22 20 18 25 0 0 21 0 19 19 18 25 0 0 25 19 0 21 17 
26 23 25 0 0 25 24 26 24 30 0 22 0 26 25 23 36 0 0 29 27 27 26 25 29 31 29 29 27 0 25 24 
21 0 0 0 27 25 22 27 26 28 25 26 0 21 26 0 29 28 20 24 24 24 24 27 0 29 24 0 29 24 0 23 
20 0 0 18 22 23 21 0 23 20 23 22 20 19 21 0 25 21 20 21 20 17 0 0 0 22 21 0 25 18 0 0 
21 22 20 21 22 0 30 0 20 21 22 0 27 21 0 22 23 18 23 0 20 0 0 0 20 21 18 22 24 22 21 0 
0 20 22 22 21 0 23 19 0 21 21 0 18 0 0 20 0 20 17 0 22 0 23 22 20 22 21 20 0 19 18 19 
23 18 21 18 0 25 21 0 21 25 0 21 21 26 20 27 30 0 0 26 18 21 0 0 23 23 23 23 19 0 20 0 
21 20 21 17 22 25 0 0 24 0 22 17 23 26 22 21 26 21 20 23 0 24 0 0 22 0 0 27 24 19 20 0 
16 0 0 15 25 19 0 18 19 0 20 17 17 18 18 0 20 16 20 16 0 17 15 21 0 0 0 0 21 18 0 18 
0 0 0 16 19 16 17 22 0 18 17 21 15 0 16 0 0 20 14 16 19 16 18 17 0 22 16 0 0 18 0 19 
0 23 29 0 27 23 27 27 0 25 25 26 0 0 24 24 0 32 21 29 27 24 26 25 26 28 25 26 0 27 23 26 
25 27 24 0 27 0 30 26 22 26 24 0 0 23 0 24 30 25 22 0 25 0 34 29 27 27 24 27 28 28 25 25 
23 21 21 19 0 0 22 21 18 21 0 0 19 17 0 19 21 0 0 0 22 0 24 21 23 22 22 19 21 0 21 19 
0 23 29 0 27 23 27 27 0 25 25 26 0 0 24 24 0 32 21 29 27 24 26 25 26 28 25 26 0 27 23 26 
0 0 0 16 19 16 17 22 0 18 17 21 15 0 16 0 0 20 14 16 19 16 18 17 0 22 16 0 0 18 0 19 
16 0 0 15 25 19 0 18 19 0 20 17 17 18 18 0 20 16 20 16 0 17 15 21 0 0 0 0 21 18 0 18 
21 20 21 17 22 25 0 0 24 0 22 17 23 26 22 21 26 21 20 23 0 24 0 0 22 0 0 27 24 19 20 0 
23 18 21 18 0 25 21 0 21 25 0 21 21 26 20 27 30 0 0 26 18 21 0 0 23 23 23 23 19 0 20 0 
23 21 21 19 0 0 22 21 18 21 0 0 19 17 0 19 21 0 0 0 22 0 24 21 23 22 22 19 21 0 21 19 
25 27 24 0 27 0 30 26 22 26 24 0 0 23 0 24 30 25 22 0 25 0 34 29 27 27 24 27 28 28 25 25 
20 0 0 18 22 23 21 0 23 20 23 22 20 19 21 0 25 21 20 21 20 17 0 0 0 22 21 0 25 18 0 0 
21 0 0 0 27 25 22 27 26 28 25 26 0 21 26 0 29 28 20 24 24 24 24 27 0 29 24 0 29 24 0 23 
26 23 25 0 0 25 24 26 24 30 0 22 0 26 25 23 36 0 0 29 27 27 26 25 29 31 29 29 27 0 25 24 
20 20 19 19 0 20 0 19 18 0 0 17 23 22 20 18 25 0 0 21 0 19 19 18 25 0 0 25 19 0 21 17 
0 18 22 18 21 19 0 24 0 0 19 18 20 0 21 20 0 20 18 23 0 17 18 20 18 0 0 23 0 20 18 20 
0 20 22 22 21 0 23 19 0 21 21 0 18 0 0 20 0 20 17 0 22 0 23 22 20 22 21 20 0 19 18 19 
21 22 20 21 22 0 30 0 20 21 22 0 27 21 0 22 23 18 23 0 20 0 0 0 20 21 18 22 24 22 21 0 
14 0 0 15 0 16 15 22 20 26 0 17 16 15 17 0 22 0 0 21 18 19 16 19 0 25 19 0 21 0 0 17 
0 18 21 24 0 19 19 20 0 23 0 18 20 0 21 21 0 0 0 20 21 16 19 24 21 22 21 19 0 0 18 19 
0 20 23 21 21 22 25 0 0 23 21 22 19 0 20 23 0 27 18 23 23 18 0 0 23 21 20 20 0 19 20 0 
27 27 25 0 28 34 31 0 26 27 26 29 0 29 29 26 35 31 23 32 25 28 0 0 30 29 28 31 30 27 25 0 
25 24 26 0 30 27 0 26 23 0 27 21 0 26 26 24 34 26 23 28 0 27 28 25 26 0 0 33 27 29 23 23 
21 21 19 16 21 0 0 19 19 0 20 0 22 18 0 20 25 19 19 0 0 0 23 23 19 0 0 22 22 22 20 17 
15 0 0 17 19 0 21 18 17 20 20 0 18 17 0 0 21 16 22 0 19 0 23 20 0 20 15 0 21 18 0 16 
0 0 21 20 0 0 27 22 0 20 22 23 23 20 0 0 26 22 22 19 20 22 23 19 25 25 0 24 25 24 19 0 
17 0 0 16 17 18 20 0 0 0 0 21 0 0 0 19 23 19 16 15 13 17 20 18 21 19 0 16 18 24 20 0 
19 17 0 20 23 22 19 0 17 0 0 0 0 0 22 20 23 20 19 18 0 20 19 15 17 18 28 22 24 0 0 19 
28 29 33 31 31 34 32 29 28 32 33 0 30 30 33 32 39 29 31 30 0 30 30 25 28 0 33 37 33 0 0 27 
29 27 30 28 31 32 33 27 26 31 29 24 24 24 28 25 0 29 0 0 27 26 29 0 0 0 29 30 28 26 24 27 
20 15 14 0 14 17 0 14 13 15 16 15 15 15 18 14 0 0 0 0 17 0 0 0 0 16 14 0 0 14 16 17 
0 14 19 0 0 0 0 15 20 17 18 17 15 17 22 0 26 0 13 19 19 0 0 17 16 19 20 0 0 15 18 19 
22 0 0 0 23 0 0 20 23 27 0 24 24 24 0 23 27 20 20 26 21 27 23 0 20 24 23 22 20 0 23 22 
22 19 0 0 23 23 18 23 18 23 20 20 25 24 0 22 0 22 20 23 23 22 0 0 19 22 0 22 19 0 0 17 
24 24 24 22 22 26 19 24 22 0 22 0 28 26 23 25 0 22 0 25 22 22 0 23 24 22 0 23 0 19 0 19 
0 23 20 20 21 21 17 18 19 0 21 0 0 21 18 24 23 0 0 20 0 17 27 23 0 18 18 20 0 20 18 0 
0 14 19 18 0 16 18 0 0 18 18 12 0 13 12 22 18 0 18 0 0 16 18 17 0 0 18 0 15 13 14 0 
20 19 23 19 0 23 19 0 0 17 25 17 21 0 21 0 24 19 20 0 24 0 22 22 24 0 24 0 22 17 19 19 
23 0 27 21 27 0 0 25 27 28 0 27 26 0 33 0 31 23 24 27 29 0 28 26 28 24 27 27 22 21 28 22 
0 22 0 21 20 0 0 0 18 21 19 23 17 16 0 23 27 19 0 24 16 22 25 19 21 25 24 21 0 22 0 0 
0 25 23 26 22 23 0 0 0 23 24 21 23 22 0 25 28 0 0 23 19 29 27 29 25 28 27 23 21 23 0 23 
23 23 26 0 0 19 23 22 0 19 23 0 27 0 25 23 30 0 25 23 22 24 26 25 0 28 0 22 23 22 25 25 
20 22 24 0 0 17 24 21 19 0 22 0 26 0 22 20 26 22 21 22 25 19 23 0 0 26 0 0 20 19 28 22 
23 21 22 22 27 25 28 22 21 0 0 26 23 22 24 0 26 28 20 0 0 22 0 0 26 27 23 0 25 23 26 21 
17 0 19 19 21 19 19 16 13 16 0 22 0 15 20 0 0 21 15 0 0 0 0 18 17 0 22 17 18 0 17 17 
18 0 0 20 20 0 19 21 19 17 19 21 0 16 20 18 0 19 20 19 19 0 23 20 18 0 20 23 0 0 17 0 
17 21 22 19 0 0 23 19 21 20 21 21 0 0 0 18 23 0 20 21 16 21 0 0 16 0 20 22 19 20 0 21 
25 27 25 28 0 32 0 31 26 28 27 29 0 26 0 26 29 25 28 31 28 31 0 27 0 28 24 28 27 30 28 26 
27 23 23 25 26 27 0 24 23 27 0 0 24 27 27 27 0 28 26 28 26 26 24 26 0 29 24 0 25 27 26 0 
20 20 21 20 18 19 20 0 21 19 0 0 20 24 19 0 0 23 19 19 21 19 19 17 16 21 0 0 0 0 20 0 
0 0 19 0 17 22 21 0 20 0 19 19 20 23 24 0 26 21 20 0 20 19 20 18 22 22 0 22 0 0 22 23 
0 0 0 0 26 22 23 19 0 0 20 21 18 20 21 21 27 27 0 0 0 0 21 21 25 25 20 20 21 26 19 20 
18 15 0 17 17 0 18 17 0 15 18 16 19 0 17 19 22 0 0 17 0 0 18 0 16 0 18 18 17 18 0 16 
19 18 21 0 20 0 20 0 21 21 0 19 21 21 0 22 0 21 18 20 0 18 21 19 0 0 21 21 0 19 22 21 
0 23 24 23 22 24 27 24 27 31 0 25 24 22 0 23 23 23 23 24 24 22 21 24 0 0 27 0 0 0 26 23 
0 22 17 22 17 21 0 20 0 20 21 0 0 21 24 0 22 22 22 22 24 22 24 0 21 29 29 0 25 0 23 23 
16 0 18 17 17 23 0 19 0 15 18 0 0 0 23 0 23 18 0 20 21 23 0 0 19 23 22 17 23 20 20 23 
21 0 0 26 22 24 23 26 21 26 20 25 22 0 21 21 28 0 0 0 24 26 0 29 24 28 0 23 25 23 23 25 
19 20 0 24 0 21 24 22 22 0 26 21 23 24 20 19 26 0 23 0 20 0 22 23 22 25 0 21 20 23 0 0 
18 18 21 0 0 0 21 0 20 0 23 21 20 20 21 19 0 22 20 23 0 0 23 18 17 26 18 21 19 21 0 0 
21 21 17 19 17 0 21 22 0 0 21 18 21 0 0 19 24 16 23 17 0 21 0 16 0 23 21 0 22 0 18 20 
21 20 19 0 23 24 19 23 24 22 20 22 19 0 0 0 29 22 0 22 0 20 19 19 20 0 21 0 26 25 22 0 
18 0 17 0 26 25 17 0 22 22 21 0 20 23 22 0 28 0 0 19 18 18 23 21 20 0 20 23 21 18 18 0 
24 0 0 27 0 23 0 0 22 21 22 0 21 25 24 24 0 0 23 24 21 23 23 23 21 30 24 23 23 20 24 23 
21 24 0 27 0 24 0 21 21 21 28 23 0 23 21 21 0 21 22 0 22 24 25 25 21 29 22 22 0 23 0 21 
0 18 22 24 21 25 29 19 19 23 0 23 0 19 23 24 25 21 23 0 22 0 26 0 21 24 0 20 0 27 0 21 
0 17 17 17 17 0 19 16 0 0 0 17 20 15 24 16 22 15 21 18 21 0 0 0 0 19 0 15 16 0 21 21 
20 19 18 22 18 0 19 16 18 0 20 16 0 20 0 0 0 0 0 16 16 21 19 18 14 20 0 0 18 22 14 12 
21 0 20 19 0 20 19 15 15 0 17 19 17 18 0 0 0 0 19 19 0 20 19 0 16 21 18 20 0 21 16 16 
0 0 0 15 0 23 18 18 15 19 18 0 18 22 18 23 25 19 19 16 0 22 0 0 19 0 21 23 0 16 19 17 
0 19 0 0 26 29 20 18 0 24 0 0 23 23 22 19 26 22 19 19 23 25 0 22 21 0 23 28 25 18 0 19 
16 17 22 0 24 23 0 21 0 26 0 17 21 0 25 22 21 21 20 0 22 22 21 26 20 23 24 24 26 0 0 0 
21 23 24 25 27 26 0 0 23 23 26 23 26 0 28 25 26 23 23 0 22 0 24 24 0 24 29 25 25 0 23 0 
21 22 20 23 24 0 23 0 22 22 22 23 0 29 26 26 28 23 0 22 20 0 25 22 0 28 0 0 21 23 21 22 
0 23 24 25 0 0 24 25 22 25 31 0 24 23 26 0 29 21 24 25 0 22 28 21 22 25 26 26 29 0 0 21 
0 26 35 28 0 0 32 28 32 30 32 28 28 28 31 0 36 26 30 30 28 30 34 26 30 0 30 34 31 30 26 28 
26 0 29 27 27 33 31 27 0 28 29 25 29 27 0 31 36 24 28 26 26 28 29 23 29 0 0 33 28 30 26 0 
21 0 20 21 17 24 24 20 0 25 21 20 21 17 0 22 0 20 0 0 20 18 19 0 0 20 0 20 19 19 16 0 
19 18 0 19 22 19 22 0 16 0 0 17 0 0 21 14 0 20 0 0 15 15 17 0 0 19 25 17 21 18 18 18 
12 10 0 0 14 15 0 0 13 0 0 17 0 0 18 16 21 0 11 14 14 0 0 12 12 17 15 0 0 12 18 18 
20 19 17 0 15 17 0 17 19 16 18 0 21 20 19 21 24 0 15 22 0 0 0 18 17 19 18 0 0 0 0 15 
14 17 19 0 14 0 0 0 0 17 18 0 0 17 20 0 0 18 18 19 0 17 26 0 16 19 19 19 18 17 17 19 
19 0 22 0 17 0 22 0 24 22 19 23 20 0 18 20 0 26 0 20 0 20 0 20 19 25 23 20 22 26 20 22 
22 0 24 24 21 25 24 20 26 28 0 26 21 0 0 24 25 19 0 24 21 21 0 23 0 0 25 22 0 21 24 21 
21 21 0 25 29 23 24 22 21 22 0 22 22 24 0 21 24 0 20 0 22 20 20 27 0 0 0 23 0 23 21 22 
0 24 0 26 23 25 29 29 23 28 26 23 29 26 23 20 29 0 27 0 24 25 23 32 26 33 0 0 27 0 26 28 
0 22 24 27 0 22 28 23 24 0 30 22 25 22 25 19 25 22 25 23 22 0 25 23 23 29 29 0 23 0 0 0 
15 20 20 21 0 18 0 17 0 0 20 0 0 18 22 0 20 15 19 21 18 0 24 0 19 21 22 20 16 16 0 0 
25 0 25 20 24 0 0 20 23 0 0 0 27 24 26 26 29 22 0 25 26 22 26 25 26 25 21 23 0 21 27 21 
0 0 18 16 20 0 0 19 20 25 0 22 0 17 19 22 25 0 23 25 0 22 25 27 0 18 22 22 18 18 19 0 
0 17 0 0 17 18 16 20 21 22 18 18 0 18 0 19 26 0 21 19 0 21 18 0 0 18 24 16 19 0 16 0 
18 15 0 0 0 19 18 0 0 16 20 16 17 18 0 17 20 16 19 0 17 18 19 0 17 0 18 0 20 0 18 16 
16 17 22 19 0 23 20 0 0 20 18 16 19 19 15 19 0 17 19 0 20 15 0 19 18 0 0 0 15 17 0 16 
22 23 23 23 26 28 20 29 23 25 23 23 28 0 27 0 0 22 26 22 26 0 0 24 26 22 0 24 21 21 0 20 
25 29 29 25 22 27 19 27 25 0 24 0 27 0 29 0 29 23 0 24 30 0 29 26 27 26 26 22 0 22 27 23 
18 0 16 18 15 0 20 0 0 0 20 0 23 18 23 20 25 0 26 18 20 17 0 16 0 25 20 19 20 0 21 23 
19 20 0 22 0 0 0 19 0 0 21 18 18 16 20 21 0 17 19 22 20 20 0 20 0 27 20 19 18 0 20 19 
22 25 0 25 0 25 0 25 22 24 23 21 22 0 0 23 0 21 20 24 0 28 22 24 22 33 26 0 26 24 24 22 
23 25 24 28 25 26 28 24 24 26 24 25 0 0 0 28 29 21 21 0 0 24 26 25 20 30 25 0 0 29 0 23 
21 18 19 0 22 26 20 20 22 20 22 22 0 23 19 0 27 20 0 0 21 20 21 23 19 0 19 21 0 21 0 0 
0 19 18 0 21 23 21 19 21 20 0 17 18 18 19 0 23 22 0 21 19 0 20 0 17 0 0 21 20 22 22 0 
0 0 23 25 21 26 25 0 19 23 0 0 23 21 26 25 29 0 26 23 26 0 25 0 18 23 0 24 19 21 21 22 
17 19 0 0 0 0 19 22 18 16 19 0 20 0 19 22 23 21 20 22 20 17 24 19 0 23 0 20 0 19 19 0 
25 27 0 28 26 0 29 24 24 0 26 27 27 26 24 29 28 26 25 27 25 25 29 0 26 35 26 0 0 26 26 0 
0 24 19 23 20 19 0 0 18 0 24 21 19 19 0 21 23 22 0 23 17 25 22 0 22 27 24 0 19 23 0 21 
0 19 16 16 15 22 0 0 18 20 0 20 15 16 0 0 20 18 0 0 0 23 0 20 22 19 19 19 20 19 0 17 
25 25 25 25 24 28 28 25 0 24 0 27 24 24 24 0 29 0 23 0 0 28 0 28 29 27 25 26 27 22 25 25 
23 0 29 28 23 23 24 21 0 20 20 24 0 20 25 20 0 0 25 24 22 0 27 22 23 0 26 26 22 0 23 21 
14 0 20 0 0 12 16 18 13 12 15 0 0 0 19 14 0 19 17 16 15 0 22 12 0 0 0 18 12 0 15 13 
0 17 0 15 21 0 17 14 19 18 18 0 0 22 19 17 20 18 0 17 19 22 0 19 14 0 0 0 19 18 16 17 
17 18 19 0 18 0 21 18 0 23 0 20 0 22 20 24 23 25 0 21 21 22 22 22 19 32 0 0 21 23 0 18 
19 19 21 0 17 21 21 19 0 0 0 18 21 22 0 0 0 0 19 20 20 19 19 22 20 22 21 24 19 21 0 18 
21 19 18 24 17 19 0 17 19 0 20 19 17 0 0 0 0 0 17 0 18 20 21 22 15 19 22 18 18 0 17 0 
17 0 21 21 0 20 0 18 20 18 19 17 20 0 19 24 20 20 20 0 0 21 19 0 18 20 20 22 0 0 21 0 
24 0 26 22 0 24 27 0 23 26 23 24 25 25 24 29 27 25 23 28 0 0 24 0 0 29 25 25 0 19 21 23 
0 24 0 19 29 27 24 0 23 24 24 0 27 26 26 21 30 23 23 20 23 0 0 22 0 0 26 25 29 20 22 22 
17 15 18 20 14 0 16 16 16 19 0 0 16 0 19 17 0 0 17 17 18 17 19 0 15 0 15 0 14 16 0 0 
15 13 19 16 15 0 17 0 16 16 14 17 19 0 16 0 20 0 21 22 17 18 19 0 14 0 0 22 0 0 0 14 
20 21 20 21 0 28 23 0 20 20 18 24 0 24 0 0 25 22 19 21 23 23 0 19 23 22 0 24 0 0 21 20 
0 0 20 0 0 25 25 20 20 0 24 24 0 21 0 22 26 23 23 0 20 24 0 20 29 25 20 24 22 27 22 22 
0 0 23 0 29 26 0 23 23 0 27 24 23 24 29 27 31 27 29 0 24 24 27 28 0 27 24 25 27 28 27 28 
25 24 0 24 27 28 0 26 0 23 23 23 25 27 27 29 29 26 0 26 0 0 29 28 0 30 26 24 26 28 25 26 
21 17 0 19 23 23 20 21 0 20 0 0 19 22 20 22 0 22 0 20 0 0 21 19 20 25 19 0 20 24 22 0 
24 21 0 23 30 26 26 0 23 0 0 25 0 0 28 25 30 24 24 23 19 26 27 21 25 0 31 28 29 27 27 24 
0 17 0 19 0 0 22 0 17 0 0 23 0 0 21 0 24 19 16 19 18 18 21 15 21 25 22 22 21 22 22 20 
0 22 22 22 0 0 25 22 22 22 26 20 18 18 19 0 0 23 0 0 21 21 27 0 0 26 22 20 22 22 19 23 
23 23 21 27 22 26 25 22 18 25 25 0 20 20 22 22 0 25 0 0 0 20 23 0 0 22 27 23 24 0 0 20 
21 0 21 22 18 25 24 23 0 24 24 0 27 23 0 29 30 19 22 23 0 23 20 17 21 23 0 26 26 0 0 0 
21 0 13 0 15 18 0 16 0 13 15 14 18 17 0 19 20 0 13 21 18 0 0 13 14 17 0 0 0 17 15 0 
24 21 25 0 24 24 0 23 24 23 23 23 21 23 26 23 31 0 20 26 23 0 0 22 22 0 24 0 0 22 22 22 
19 19 0 0 0 26 0 22 21 20 21 19 16 20 19 0 0 23 0 23 19 22 19 20 20 0 18 21 24 20 20 0 
16 20 16 0 17 0 15 17 0 0 17 15 15 16 16 0 20 18 0 14 17 15 0 14 0 0 15 15 18 0 16 0 
21 21 18 19 16 0 19 23 0 0 22 19 0 15 19 17 22 16 19 0 19 18 0 17 0 22 21 19 0 0 0 21 
20 0 24 29 24 29 26 0 24 24 23 0 0 26 24 27 30 0 23 0 23 25 28 26 20 24 24 24 0 26 0 24 
22 0 22 27 24 26 27 0 23 25 25 0 25 0 0 32 30 0 24 22 0 25 25 23 21 26 26 0 27 25 20 22 
0 20 22 22 21 26 30 22 23 24 0 22 21 0 0 24 25 22 21 21 0 0 19 0 21 23 0 0 21 27 21 21 
0 21 0 23 0 22 0 20 19 19 0 17 20 18 25 19 0 21 21 24 22 0 21 0 21 24 0 20 19 24 22 21 
24 23 24 24 21 26 0 0 26 23 20 24 26 29 28 0 26 26 26 27 29 24 27 25 0 27 0 28 0 0 26 27 
21 23 24 21 23 0 0 22 21 22 21 25 21 0 23 22 28 0 27 28 20 24 25 0 0 0 21 27 23 25 0 21 
0 0 18 0 19 0 22 17 15 0 21 18 18 0 16 18 25 0 24 0 15 18 22 0 17 0 16 20 19 19 0 19 
0 0 19 0 21 21 20 17 20 0 0 0 17 18 21 20 0 25 19 0 19 17 19 19 21 22 22 0 21 21 22 0 
19 20 23 24 0 27 24 23 18 25 0 0 0 21 0 23 0 22 22 22 22 25 0 21 20 25 19 0 19 24 22 0 
20 19 0 22 0 27 29 23 0 21 19 26 0 21 0 21 24 23 0 22 0 0 0 20 23 27 20 25 20 25 22 20 
19 17 0 18 16 21 21 0 0 16 16 19 21 27 17 0 21 20 0 17 0 0 20 18 21 23 0 21 0 0 22 21 
0 18 21 20 18 21 18 21 20 24 18 15 0 19 18 21 0 0 19 18 0 19 0 22 0 19 0 20 20 17 0 0 
23 0 21 22 26 0 0 26 20 29 0 20 27 25 24 21 0 21 22 23 23 24 0 23 23 25 0 24 19 20 0 18 
17 0 21 16 0 0 0 0 0 19 0 15 17 19 18 19 20 18 21 0 21 19 24 22 22 0 21 0 17 19 21 17 
17 19 24 18 0 23 17 0 0 0 18 0 19 17 17 19 22 17 0 0 21 17 21 23 20 0 20 0 0 16 18 20 
26 24 0 0 20 22 18 21 19 0 19 0 22 28 0 23 26 22 0 24 23 23 22 0 20 23 19 23 0 0 21 19 
24 22 0 0 24 23 21 23 26 24 25 26 23 0 0 0 30 20 23 23 26 0 24 0 22 23 25 20 25 0 21 21 
0 23 21 21 19 21 16 22 26 23 23 21 0 0 22 0 26 0 23 26 0 0 28 22 0 19 24 22 22 19 18 0 
22 0 21 0 0 23 25 18 0 23 0 21 21 27 21 26 24 24 20 25 0 22 22 0 24 28 20 29 0 21 0 21 
18 0 19 17 0 0 19 14 17 21 18 19 0 20 18 22 20 22 0 17 0 19 19 0 18 27 0 0 0 23 15 21 
20 16 17 21 18 0 0 20 18 19 17 16 0 0 18 19 20 16 0 0 18 20 19 22 15 24 0 0 19 0 16 0 
0 15 0 16 24 22 0 18 18 20 19 0 23 0 22 21 21 21 19 0 19 23 0 19 17 0 24 23 25 0 18 0 
0 22 0 18 21 22 17 16 16 0 17 0 18 21 0 0 0 0 18 17 18 20 0 19 14 0 18 20 20 21 16 16 
24 27 22 27 22 23 25 0 22 0 26 24 24 25 0 0 0 0 23 22 19 0 22 22 0 22 24 25 23 21 19 19 
25 23 24 0 30 28 27 0 0 28 0 24 29 28 30 30 29 28 24 27 24 0 27 25 0 29 27 29 26 23 0 25 
0 0 26 27 20 28 27 27 27 32 22 26 26 0 25 23 29 26 0 24 26 25 0 28 25 31 31 0 29 0 27 26 
0 23 23 0 20 0 24 0 24 26 25 23 24 26 21 21 0 26 24 22 0 20 24 23 20 28 26 0 24 0 25 22 
19 22 0 0 21 0 22 0 21 20 21 20 20 24 17 19 0 0 19 0 0 20 22 25 20 24 0 19 23 23 21 21 
16 17 0 20 17 18 0 18 0 17 17 0 0 22 19 0 26 0 19 0 21 22 20 0 22 24 0 19 20 19 22 20 
16 18 18 17 16 17 0 17 0 15 0 0 0 22 0 0 18 15 17 20 19 19 18 0 0 0 17 17 0 18 17 18 
20 19 23 21 0 19 21 20 21 0 0 19 18 19 0 21 23 16 18 23 20 0 21 20 0 0 18 20 0 21 0 0 
19 0 22 22 0 22 26 22 20 0 22 25 21 0 21 20 23 25 0 21 20 0 0 20 25 23 23 20 20 22 0 0 
33 29 30 32 29 28 32 26 0 0 32 28 32 31 30 31 34 0 31 29 29 30 33 0 29 37 30 0 28 27 33 29 
27 27 0 30 27 0 26 24 0 24 27 28 28 29 26 33 33 0 29 28 25 28 34 28 28 34 29 28 0 27 28 0 
21 19 0 23 21 0 23 19 21 21 0 27 18 20 20 0 24 23 19 0 0 22 0 20 25 24 21 21 0 22 21 0 
16 20 19 0 0 17 17 17 15 16 0 0 20 0 17 0 20 18 16 0 0 16 0 21 0 21 0 15 21 18 18 17 
0 22 13 0 0 13 0 0 13 15 14 0 17 0 0 16 17 16 0 16 13 20 16 18 0 17 0 15 15 18 0 20 
0 0 18 17 15 15 0 0 11 20 13 16 0 12 0 15 0 15 0 16 13 0 15 13 16 0 20 14 14 0 0 15 
22 0 23 22 24 22 23 22 19 0 19 21 0 18 25 18 0 21 20 20 22 0 24 0 21 0 22 0 23 0 21 20 
21 0 21 22 18 25 24 23 0 24 24 0 27 23 0 29 30 19 22 23 0 23 20 17 21 23 0 26 26 0 0 0 
23 23 21 27 22 26 25 22 18 25 25 0 20 20 22 22 0 25 0 0 0 20 23 0 0 22 27 23 24 0 0 20 
0 22 22 22 0 0 25 22 22 22 26 20 18 18 19 0 0 23 0 0 21 21 27 0 0 26 22 20 22 22 19 23 
0 17 0 19 0 0 22 0 17 0 0 23 0 0 21 0 24 19 16 19 18 18 21 15 21 25 22 22 21 22 22 20 
24 21 0 23 30 26 26 0 23 0 0 25 0 0 28 25 30 24 24 23 19 26 27 21 25 0 31 28 29 27 27 24 
24 21 25 0 24 24 0 23 24 23 23 23 21 23 26 23 31 0 20 26 23 0 0 22 22 0 24 0 0 22 22 22 
21 0 13 0 15 18 0 16 0 13 15 14 18 17 0 19 20 0 13 21 18 0 0 13 14 17 0 0 0 17 15 0 
0 22 13 0 0 13 0 0 13 15 14 0 17 0 0 16 17 16 0 16 13 20 16 18 0 17 0 15 15 18 0 20 
16 20 19 0 0 17 17 17 15 16 0 0 20 0 17 0 20 18 16 0 0 16 0 21 0 21 0 15 21 18 18 17 
21 19 0 23 21 0 23 19 21 21 0 27 18 20 20 0 24 23 19 0 0 22 0 20 25 24 21 21 0 22 21 0 
27 27 0 30 27 0 26 24 0 24 27 28 28 29 26 33 33 0 29 28 25 28 34 28 28 34 29 28 0 27 28 0 
33 29 30 32 29 28 32 26 0 0 32 28 32 31 30 31 34 0 31 29 29 30 33 0 29 37 30 0 28 27 33 29 
22 0 23 22 24 22 23 22 19 0 19 21 0 18 25 18 0 21 20 20 22 0 24 0 21 0 22 0 23 0 21 20 
0 0 18 17 15 15 0 0 11 20 13 16 0 12 0 15 0 15 0 16 13 0 15 13 16 0 20 14 14 0 0 15 
16 18 18 17 16 17 0 17 0 15 0 0 0 22 0 0 18 15 17 20 19 19 18 0 0 0 17 17 0 18 17 18 
16 17 0 20 17 18 0 18 0 17 17 0 0 22 19 0 26 0 19 0 21 22 20 0 22 24 0 19 20 19 22 20 
19 22 0 0 21 0 22 0 21 20 21 20 20 24 17 19 0 0 19 0 0 20 22 25 20 24 0 19 23 23 21 21 
0 23 23 0 20 0 24 0 24 26 25 23 24 26 21 21 0 26 24 22 0 20 24 23 20 28 26 0 24 0 25 22 
0 0 26 27 20 28 27 27 27 32 22 26 26 0 25 23 29 26 0 24 26 25 0 28 25 31 31 0 29 0 27 26 
19 0 22 22 0 22 26 22 20 0 22 25 21 0 21 20 23 25 0 21 20 0 0 20 25 23 23 20 20 22 0 0 
20 19 23 21 0 19 21 20 21 0 0 19 18 19 0 21 23 16 18 23 20 0 21 20 0 0 18 20 0 21 0 0 
0 22 0 18 21 22 17 16 16 0 17 0 18 21 0 0 0 0 18 17 18 20 0 19 14 0 18 20 20 21 16 16 
0 15 0 16 24 22 0 18 18 20 19 0 23 0 22 21 21 21 19 0 19 23 0 19 17 0 24 23 25 0 18 0 
20 16 17 21 18 0 0 20 18 19 17 16 0 0 18 19 20 16 0 0 18 20 19 22 15 24 0 0 19 0 16 0 
18 0 19 17 0 0 19 14 17 21 18 19 0 20 18 22 20 22 0 17 0 19 19 0 18 27 0 0 0 23 15 21 
22 0 21 0 0 23 25 18 0 23 0 21 21 27 21 26 24 24 20 25 0 22 22 0 24 28 20 29 0 21 0 21 
25 23 24 0 30 28 27 0 0 28 0 24 29 28 30 30 29 28 24 27 24 0 27 25 0 29 27 29 26 23 0 25 
24 27 22 27 22 23 25 0 22 0 26 24 24 25 0 0 0 0 23 22 19 0 22 22 0 22 24 25 23 21 19 19 
26 24 0 0 20 22 18 21 19 0 19 0 22 28 0 23 26 22 0 24 23 23 22 0 20 23 19 23 0 0 21 19 
17 19 24 18 0 23 17 0 0 0 18 0 19 17 17 19 22 17 0 0 21 17 21 23 20 0 20 0 0 16 18 20 
17 0 21 16 0 0 0 0 0 19 0 15 17 19 18 19 20 18 21 0 21 19 24 22 22 0 21 0 17 19 21 17 
23 0 21 22 26 0 0 26 20 29 0 20 27 25 24 21 0 21 22 23 23 24 0 23 23 25 0 24 19 20 0 18 
0 18 21 20 18 21 18 21 20 24 18 15 0 19 18 21 0 0 19 18 0 19 0 22 0 19 0 20 20 17 0 0 
0 23 21 21 19 21 16 22 26 23 23 21 0 0 22 0 26 0 23 26 0 0 28 22 0 19 24 22 22 19 18 0 
24 22 0 0 24 23 21 23 26 24 25 26 23 0 0 0 30 20 23 23 26 0 24 0 22 23 25 20 25 0 21 21 
19 20 23 24 0 27 24 23 18 25 0 0 0 21 0 23 0 22 22 22 22 25 0 21 20 25 19 0 19 24 22 0 
0 0 19 0 21 21 20 17 20 0 0 0 17 18 21 20 0 25 19 0 19 17 19 19 21 22 22 0 21 21 22 0 
0 0 18 0 19 0 22 17 15 0 21 18 18 0 16 18 25 0 24 0 15 18 22 0 17 0 16 20 19 19 0 19 
21 23 24 21 23 0 0 22 21 22 21 25 21 0 23 22 28 0 27 28 20 24 25 0 0 0 21 27 23 25 0 21 
24 23 24 24 21 26 0 0 26 23 20 24 26 29 28 0 26 26 26 27 29 24 27 25 0 27 0 28 0 0 26 27 
19 17 0 18 16 21 21 0 0 16 16 19 21 27 17 0 21 20 0 17 0 0 20 18 21 23 0 21 0 0 22 21 
20 19 0 22 0 27 29 23 0 21 19 26 0 21 0 21 24 23 0 22 0 0 0 20 23 27 20 25 20 25 22 20 
22 0 22 27 24 26 27 0 23 25 25 0 25 0 0 32 30 0 24 22 0 25 25 23 21 26 26 0 27 25 20 22 
20 0 24 29 24 29 26 0 24 24 23 0 0 26 24 27 30 0 23 0 23 25 28 26 20 24 24 24 0 26 0 24 
21 21 18 19 16 0 19 23 0 0 22 19 0 15 19 17 22 16 19 0 19 18 0 17 0 22 21 19 0 0 0 21 
16 20 16 0 17 0 15 17 0 0 17 15 15 16 16 0 20 18 0 14 17 15 0 14 0 0 15 15 18 0 16 0 
19 19 0 0 0 26 0 22 21 20 21 19 16 20 19 0 0 23 0 23 19 22 19 20 20 0 18 21 24 20 20 0 
0 21 0 23 0 22 0 20 19 19 0 17 20 18 25 19 0 21 21 24 22 0 21 0 21 24 0 20 19 24 22 21 
0 20 22 22 21 26 30 22 23 24 0 22 21 0 0 24 25 22 21 21 0 0 19 0 21 23 0 0 21 27 21 21 
19 18 0 19 22 19 22 0 16 0 0 17 0 0 21 14 0 20 0 0 15 15 17 0 0 19 25 17 21 18 18 18 
21 0 20 21 17 24 24 20 0 25 21 20 21 17 0 22 0 20 0 0 20 18 19 0 0 20 0 20 19 19 16 0 
26 0 29 27 27 33 31 27 0 28 29 25 29 27 0 31 36 24 28 26 26 28 29 23 29 0 0 33 28 30 26 0 
0 26 35 28 0 0 32 28 32 30 32 28 28 28 31 0 36 26 30 30 28 30 34 26 30 0 30 34 31 30 26 28 
0 23 24 25 0 0 24 25 22 25 31 0 24 23 26 0 29 21 24 25 0 22 28 21 22 25 26 26 29 0 0 21 
20 19 17 0 15 17 0 17 19 16 18 0 21 20 19 21 24 0 15 22 0 0 0 18 17 19 18 0 0 0 0 15 
12 10 0 0 14 15 0 0 13 0 0 17 0 0 18 16 21 0 11 14 14 0 0 12 12 17 15 0 0 12 18 18 
0 0 23 0 29 26 0 23 23 0 27 24 23 24 29 27 31 27 29 0 24 24 27 28 0 27 24 25 27 28 27 28 
0 0 20 0 0 25 25 20 20 0 24 24 0 21 0 22 26 23 23 0 20 24 0 20 29 25 20 24 22 27 22 22 
20 21 20 21 0 28 23 0 20 20 18 24 0 24 0 0 25 22 19 21 23 23 0 19 23 22 0 24 0 0 21 20 
15 13 19 16 15 0 17 0 16 16 14 17 19 0 16 0 20 0 21 22 17 18 19 0 14 0 0 22 0 0 0 14 
17 15 18 20 14 0 16 16 16 19 0 0 16 0 19 17 0 0 17 17 18 17 19 0 15 0 15 0 14 16 0 0 
21 17 0 19 23 23 20 21 0 20 0 0 19 22 20 22 0 22 0 20 0 0 21 19 20 25 19 0 20 24 22 0 
25 24 0 24 27 28 0 26 0 23 23 23 25 27 27 29 29 26 0 26 0 0 29 28 0 30 26 24 26 28 25 26 
17 0 21 21 0 20 0 18 20 18 19 17 20 0 19 24 20 20 20 0 0 21 19 0 18 20 20 22 0 0 21 0 
21 19 18 24 17 19 0 17 19 0 20 19 17 0 0 0 0 0 17 0 18 20 21 22 15 19 22 18 18 0 17 0 
19 19 21 0 17 21 21 19 0 0 0 18 21 22 0 0 0 0 19 20 20 19 19 22 20 22 21 24 19 21 0 18 
17 18 19 0 18 0 21 18 0 23 0 20 0 22 20 24 23 25 0 21 21 22 22 22 19 32 0 0 21 23 0 18 
0 17 0 15 21 0 17 14 19 18 18 0 0 22 19 17 20 18 0 17 19 22 0 19 14 0 0 0 19 18 16 17 
0 24 0 19 29 27 24 0 23 24 24 0 27 26 26 21 30 23 23 20 23 0 0 22 0 0 26 25 29 20 22 22 
24 0 26 22 0 24 27 0 23 26 23 24 25 25 24 29 27 25 23 28 0 0 24 0 0 29 25 25 0 19 21 23 
25 25 25 25 24 28 28 25 0 24 0 27 24 24 24 0 29 0 23 0 0 28 0 28 29 27 25 26 27 22 25 25 
0 19 16 16 15 22 0 0 18 20 0 20 15 16 0 0 20 18 0 0 0 23 0 20 22 19 19 19 20 19 0 17 
0 24 19 23 20 19 0 0 18 0 24 21 19 19 0 21 23 22 0 23 17 25 22 0 22 27 24 0 19 23 0 21 
25 27 0 28 26 0 29 24 24 0 26 27 27 26 24 29 28 26 25 27 25 25 29 0 26 35 26 0 0 26 26 0 
17 19 0 0 0 0 19 22 18 16 19 0 20 0 19 22 23 21 20 22 20 17 24 19 0 23 0 20 0 19 19 0 
14 0 20 0 0 12 16 18 13 12 15 0 0 0 19 14 0 19 17 16 15 0 22 12 0 0 0 18 12 0 15 13 
23 0 29 28 23 23 24 21 0 20 20 24 0 20 25 20 0 0 25 24 22 0 27 22 23 0 26 26 22 0 23 21 
21 18 19 0 22 26 20 20 22 20 22 22 0 23 19 0 27 20 0 0 21 20 21 23 19 0 19 21 0 21 0 0 
23 25 24 28 25 26 28 24 24 26 24 25 0 0 0 28 29 21 21 0 0 24 26 25 20 30 25 0 0 29 0 23 
22 25 0 25 0 25 0 25 22 24 23 21 22 0 0 23 0 21 20 24 0 28 22 24 22 33 26 0 26 24 24 22 
19 20 0 22 0 0 0 19 0 0 21 18 18 16 20 21 0 17 19 22 20 20 0 20 0 27 20 19 18 0 20 19 
18 0 16 18 15 0 20 0 0 0 20 0 23 18 23 20 25 0 26 18 20 17 0 16 0 25 20 19 20 0 21 23 
0 0 23 25 21 26 25 0 19 23 0 0 23 21 26 25 29 0 26 23 26 0 25 0 18 23 0 24 19 21 21 22 
0 19 18 0 21 23 21 19 21 20 0 17 18 18 19 0 23 22 0 21 19 0 20 0 17 0 0 21 20 22 22 0 
16 17 22 19 0 23 20 0 0 20 18 16 19 19 15 19 0 17 19 0 20 15 0 19 18 0 0 0 15 17 0 16 
18 15 0 0 0 19 18 0 0 16 20 16 17 18 0 17 20 16 19 0 17 18 19 0 17 0 18 0 20 0 18 16 
0 17 0 0 17 18 16 20 21 22 18 18 0 18 0 19 26 0 21 19 0 21 18 0 0 18 24 16 19 0 16 0 
0 0 18 16 20 0 0 19 20 25 0 22 0 17 19 22 25 0 23 25 0 22 25 27 0 18 22 22 18 18 19 0 
25 0 25 20 24 0 0 20 23 0 0 0 27 24 26 26 29 22 0 25 26 22 26 25 26 25 21 23 0 21 27 21 
25 29 29 25 22 27 19 27 25 0 24 0 27 0 29 0 29 23 0 24 30 0 29 26 27 26 26 22 0 22 27 23 
22 23 23 23 26 28 20 29 23 25 23 23 28 0 27 0 0 22 26 22 26 0 0 24 26 22 0 24 21 21 0 20 
0 24 0 26 23 25 29 29 23 28 26 23 29 26 23 20 29 0 27 0 24 25 23 32 26 33 0 0 27 0 26 28 
21 21 0 25 29 23 24 22 21 22 0 22 22 24 0 21 24 0 20 0 22 20 20 27 0 0 0 23 0 23 21 22 
22 0 24 24 21 25 24 20 26 28 0 26 21 0 0 24 25 19 0 24 21 21 0 23 0 0 25 22 0 21 24 21 
19 0 22 0 17 0 22 0 24 22 19 23 20 0 18 20 0 26 0 20 0 20 0 20 19 25 23 20 22 26 20 22 
14 17 19 0 14 0 0 0 0 17 18 0 0 17 20 0 0 18 18 19 0 17 26 0 16 19 19 19 18 17 17 19 
15 20 20 21 0 18 0 17 0 0 20 0 0 18 22 0 20 15 19 21 18 0 24 0 19 21 22 20 16 16 0 0 
0 22 24 27 0 22 28 23 24 0 30 22 25 22 25 19 25 22 25 23 22 0 25 23 23 29 29 0 23 0 0 0 
29 27 30 28 31 32 33 27 26 31 29 24 24 24 28 25 0 29 0 0 27 26 29 0 0 0 29 30 28 26 24 27 
28 29 33 31 31 34 32 29 28 32 33 0 30 30 33 32 39 29 31 30 0 30 30 25 28 0 33 37 33 0 0 27 
19 17 0 20 23 22 19 0 17 0 0 0 0 0 22 20 23 20 19 18 0 20 19 15 17 18 28 22 24 0 0 19 
17 0 0 16 17 18 20 0 0 0 0 21 0 0 0 19 23 19 16 15 13 17 20 18 21 19 0 16 18 24 20 0 
0 0 21 20 0 0 27 22 0 20 22 23 23 20 0 0 26 22 22 19 20 22 23 19 25 25 0 24 25 24 19 0 
0 14 19 0 0 0 0 15 20 17 18 17 15 17 22 0 26 0 13 19 19 0 0 17 16 19 20 0 0 15 18 19 
20 15 14 0 14 17 0 14 13 15 16 15 15 15 18 14 0 0 0 0 17 0 0 0 0 16 14 0 0 14 16 17 
16 17 22 0 24 23 0 21 0 26 0 17 21 0 25 22 21 21 20 0 22 22 21 26 20 23 24 24 26 0 0 0 
0 19 0 0 26 29 20 18 0 24 0 0 23 23 22 19 26 22 19 19 23 25 0 22 21 0 23 28 25 18 0 19 
0 0 0 15 0 23 18 18 15 19 18 0 18 22 18 23 25 19 19 16 0 22 0 0 19 0 21 23 0 16 19 17 
21 0 20 19 0 20 19 15 15 0 17 19 17 18 0 0 0 0 19 19 0 20 19 0 16 21 18 20 0 21 16 16 
20 19 18 22 18 0 19 16 18 0 20 16 0 20 0 0 0 0 0 16 16 21 19 18 14 20 0 0 18 22 14 12 
21 22 20 23 24 0 23 0 22 22 22 23 0 29 26 26 28 23 0 22 20 0 25 22 0 28 0 0 21 23 21 22 
21 23 24 25 27 26 0 0 23 23 26 23 26 0 28 25 26 23 23 0 22 0 24 24 0 24 29 25 25 0 23 0 
21 24 0 27 0 24 0 21 21 21 28 23 0 23 21 21 0 21 22 0 22 24 25 25 21 29 22 22 0 23 0 21 
24 0 0 27 0 23 0 0 22 21 22 0 21 25 24 24 0 0 23 24 21 23 23 23 21 30 24 23 23 20 24 23 
18 0 17 0 26 25 17 0 22 22 21 0 20 23 22 0 28 0 0 19 18 18 23 21 20 0 20 23 21 18 18 0 
21 20 19 0 23 24 19 23 24 22 20 22 19 0 0 0 29 22 0 22 0 20 19 19 20 0 21 0 26 25 22 0 
21 21 17 19 17 0 21 22 0 0 21 18 21 0 0 19 24 16 23 17 0 21 0 16 0 23 21 0 22 0 18 20 
0 17 17 17 17 0 19 16 0 0 0 17 20 15 24 16 22 15 21 18 21 0 0 0 0 19 0 15 16 0 21 21 
0 18 22 24 21 25 29 19 19 23 0 23 0 19 23 24 25 21 23 0 22 0 26 0 21 24 0 20 0 27 0 21 
21 0 0 26 22 24 23 26 21 26 20 25 22 0 21 21 28 0 0 0 24 26 0 29 24 28 0 23 25 23 23 25 
16 0 18 17 17 23 0 19 0 15 18 0 0 0 23 0 23 18 0 20 21 23 0 0 19 23 22 17 23 20 20 23 
0 22 17 22 17 21 0 20 0 20 21 0 0 21 24 0 22 22 22 22 24 22 24 0 21 29 29 0 25 0 23 23 
0 23 24 23 22 24 27 24 27 31 0 25 24 22 0 23 23 23 23 24 24 22 21 24 0 0 27 0 0 0 26 23 
19 18 21 0 20 0 20 0 21 21 0 19 21 21 0 22 0 21 18 20 0 18 21 19 0 0 21 21 0 19 22 21 
18 18 21 0 0 0 21 0 20 0 23 21 20 20 21 19 0 22 20 23 0 0 23 18 17 26 18 21 19 21 0 0 
19 20 0 24 0 21 24 22 22 0 26 21 23 24 20 19 26 0 23 0 20 0 22 23 22 25 0 21 20 23 0 0 
0 0 19 0 17 22 21 0 20 0 19 19 20 23 24 0 26 21 20 0 20 19 20 18 22 22 0 22 0 0 22 23 
20 20 21 20 18 19 20 0 21 19 0 0 20 24 19 0 0 23 19 19 21 19 19 17 16 21 0 0 0 0 20 0 
27 23 23 25 26 27 0 24 23 27 0 0 24 27 27 27 0 28 26 28 26 26 24 26 0 29 24 0 25 27 26 0 
25 27 25 28 0 32 0 31 26 28 27 29 0 26 0 26 29 25 28 31 28 31 0 27 0 28 24 28 27 30 28 26 
17 21 22 19 0 0 23 19 21 20 21 21 0 0 0 18 23 0 20 21 16 21 0 0 16 0 20 22 19 20 0 21 
18 15 0 17 17 0 18 17 0 15 18 16 19 0 17 19 22 0 0 17 0 0 18 0 16 0 18 18 17 18 0 16 
0 0 0 0 26 22 23 19 0 0 20 21 18 20 21 21 27 27 0 0 0 0 21 21 25 25 20 20 21 26 19 20 
23 21 22 22 27 25 28 22 21 0 0 26 23 22 24 0 26 28 20 0 0 22 0 0 26 27 23 0 25 23 26 21 
20 22 24 0 0 17 24 21 19 0 22 0 26 0 22 20 26 22 21 22 25 19 23 0 0 26 0 0 20 19 28 22 
23 23 26 0 0 19 23 22 0 19 23 0 27 0 25 23 30 0 25 23 22 24 26 25 0 28 0 22 23 22 25 25 
0 25 23 26 22 23 0 0 0 23 24 21 23 22 0 25 28 0 0 23 19 29 27 29 25 28 27 23 21 23 0 23 
0 22 0 21 20 0 0 0 18 21 19 23 17 16 0 23 27 19 0 24 16 22 25 19 21 25 24 21 0 22 0 0 
18 0 0 20 20 0 19 21 19 17 19 21 0 16 20 18 0 19 20 19 19 0 23 20 18 0 20 23 0 0 17 0 
17 0 19 19 21 19 19 16 13 16 0 22 0 15 20 0 0 21 15 0 0 0 0 18 17 0 22 17 18 0 17 17 
0 14 19 18 0 16 18 0 0 18 18 12 0 13 12 22 18 0 18 0 0 16 18 17 0 0 18 0 15 13 14 0 
0 23 20 20 21 21 17 18 19 0 21 0 0 21 18 24 23 0 0 20 0 17 27 23 0 18 18 20 0 20 18 0 
24 24 24 22 22 26 19 24 22 0 22 0 28 26 23 25 0 22 0 25 22 22 0 23 24 22 0 23 0 19 0 19 
22 19 0 0 23 23 18 23 18 23 20 20 25 24 0 22 0 22 20 23 23 22 0 0 19 22 0 22 19 0 0 17 
22 0 0 0 23 0 0 20 23 27 0 24 24 24 0 23 27 20 20 26 21 27 23 0 20 24 23 22 20 0 23 22 
23 0 27 21 27 0 0 25 27 28 0 27 26 0 33 0 31 23 24 27 29 0 28 26 28 24 27 27 22 21 28 22 
20 19 23 19 0 23 19 0 0 17 25 17 21 0 21 0 24 19 20 0 24 0 22 22 24 0 24 0 22 17 19 19 
19 19 18 27 18 22 30 0 23 23 20 22 21 0 0 21 0 25 15 21 0 22 29 22 24 0 0 27 23 25 0 0 
0 18 20 24 20 20 22 22 23 23 19 22 23 24 0 20 0 0 0 20 0 17 24 0 26 0 21 23 20 23 0 0 
0 26 25 24 23 21 22 29 28 27 21 0 0 23 25 25 21 0 0 25 22 0 0 0 28 28 23 28 21 25 23 22 
23 23 21 27 0 23 27 28 23 24 0 0 0 23 30 26 23 24 23 0 24 0 0 25 0 27 20 23 23 22 29 21 
26 0 19 24 0 21 28 23 0 23 0 21 21 21 24 20 20 25 21 0 21 21 18 25 0 26 18 0 0 0 27 20 
23 0 0 0 19 0 0 15 0 0 19 16 18 17 16 0 15 19 18 14 16 16 15 22 21 18 17 0 0 0 19 19 
21 21 0 0 22 0 0 0 20 0 23 18 26 0 19 0 24 22 18 20 22 24 19 21 24 25 0 23 20 24 18 24 
23 27 26 29 23 24 25 0 25 27 23 0 0 0 28 29 24 29 25 26 24 0 0 27 31 28 0 28 23 26 27 24 
24 25 24 32 0 24 35 0 25 25 0 26 29 0 26 27 27 31 19 0 24 32 26 27 0 29 0 29 25 28 26 24 
17 16 16 24 0 17 29 20 19 19 0 21 23 18 0 20 0 21 14 0 0 21 24 21 0 0 18 24 25 20 0 0 
20 0 17 21 17 15 19 16 0 18 21 24 19 24 0 15 0 17 14 17 0 16 18 18 19 0 22 0 0 0 0 0 
0 0 21 22 23 21 20 20 0 27 22 25 21 25 20 20 18 0 0 19 21 19 18 0 22 22 22 0 0 0 19 19 
0 22 0 0 24 0 0 19 23 0 19 20 22 19 21 0 22 0 0 20 16 19 16 0 20 26 19 26 19 23 16 19 
20 19 0 0 23 0 0 22 23 0 19 0 0 21 21 0 19 20 21 21 18 0 0 20 22 24 17 22 20 18 19 18 
0 26 22 25 0 23 27 23 24 24 0 22 27 21 23 23 27 0 0 0 22 27 20 0 0 26 22 26 23 30 23 20 
0 29 25 26 22 27 27 0 28 27 24 26 27 0 25 27 26 0 0 26 22 30 29 0 30 28 0 32 24 31 25 26 
28 0 21 24 20 22 24 0 0 24 21 24 21 0 26 26 22 28 21 22 23 24 24 25 24 25 0 0 0 0 22 26 
24 0 19 23 19 21 22 24 0 25 18 0 0 22 24 21 21 24 24 20 22 0 0 24 23 26 19 0 0 0 26 19 
18 18 18 22 22 17 19 22 20 22 18 0 0 19 0 18 0 19 18 22 0 0 0 17 22 0 19 21 20 24 0 0 
16 13 0 0 21 0 0 17 16 0 17 15 16 17 0 0 0 17 15 15 0 15 14 15 16 0 19 17 16 17 0 0 
22 24 0 0 0 0 0 18 20 0 0 16 24 20 18 0 23 19 16 0 19 21 16 19 0 22 18 19 18 20 21 19 
18 18 18 22 22 17 19 22 20 22 18 0 0 19 0 18 0 19 18 22 0 0 0 17 22 0 19 21 20 24 0 0 
24 0 19 23 19 21 22 24 0 25 18 0 0 22 24 21 21 24 24 20 22 0 0 24 23 26 19 0 0 0 26 19 
28 0 21 24 20 22 24 0 0 24 21 24 21 0 26 26 22 28 21 22 23 24 24 25 24 25 0 0 0 0 22 26 
0 29 25 26 22 27 27 0 28 27 24 26 27 0 25 27 26 0 0 26 22 30 29 0 30 28 0 32 24 31 25 26 
0 26 22 25 0 23 27 23 24 24 0 22 27 21 23 23 27 0 0 0 22 27 20 0 0 26 22 26 23 30 23 20 
22 24 0 0 0 0 0 18 20 0 0 16 24 20 18 0 23 19 16 0 19 21 16 19 0 22 18 19 18 20 21 19 
16 13 0 0 21 0 0 17 16 0 17 15 16 17 0 0 0 17 15 15 0 15 14 15 16 0 19 17 16 17 0 0 
0 0 21 22 23 21 20 20 0 27 22 25 21 25 20 20 18 0 0 19 21 19 18 0 22 22 22 0 0 0 19 19 
20 0 17 21 17 15 19 16 0 18 21 24 19 24 0 15 0 17 14 17 0 16 18 18 19 0 22 0 0 0 0 0 
17 16 16 24 0 17 29 20 19 19 0 21 23 18 0 20 0 21 14 0 0 21 24 21 0 0 18 24 25 20 0 0 
24 25 24 32 0 24 35 0 25 25 0 26 29 0 26 27 27 31 19 0 24 32 26 27 0 29 0 29 25 28 26 24 
23 27 26 29 23 24 25 0 25 27 23 0 0 0 28 29 24 29 25 26 24 0 0 27 31 28 0 28 23 26 27 24 
20 19 0 0 23 0 0 22 23 0 19 0 0 21 21 0 19 20 21 21 18 0 0 20 22 24 17 22 20 18 19 18 
0 22 0 0 24 0 0 19 23 0 19 20 22 19 21 0 22 0 0 20 16 19 16 0 20 26 19 26 19 23 16 19 
26 0 19 24 0 21 28 23 0 23 0 21 21 21 24 20 20 25 21 0 21 21 18 25 0 26 18 0 0 0 27 20 
23 23 21 27 0 23 27 28 23 24 0 0 0 23 30 26 23 24 23 0 24 0 0 25 0 27 20 23 23 22 29 21 
0 26 25 24 23 21 22 29 28 27 21 0 0 23 25 25 21 0 0 25 22 0 0 0 28 28 23 28 21 25 23 22 
0 18 20 24 20 20 22 22 23 23 19 22 23 24 0 20 0 0 0 20 0 17 24 0 26 0 21 23 20 23 0 0 
19 19 18 27 18 22 30 0 23 23 20 22 21 0 0 21 0 25 15 21 0 22 29 22 24 0 0 27 23 25 0 0 
21 21 0 0 22 0 0 0 20 0 23 18 26 0 19 0 24 22 18 20 22 24 19 21 24 25 0 23 20 24 18 24 
23 0 0 0 19 0 0 15 0 0 19 16 18 17 16 0 15 19 18 14 16 16 15 22 21 18 17 0 0 0 19 19 
0 26 24 28 29 26 25 25 26 0 26 28 26 31 0 0 26 30 26 24 0 26 25 29 28 32 27 35 0 0 27 23 
21 21 0 27 25 23 22 20 0 22 24 25 0 26 20 0 24 0 23 28 0 25 21 21 27 25 24 22 0 22 0 23 
16 16 0 21 17 0 18 18 0 16 16 14 0 0 14 20 0 0 17 18 19 0 16 16 0 21 19 0 20 17 0 17 
21 20 21 22 21 0 0 23 22 22 22 20 21 0 21 21 0 20 22 0 20 0 19 0 0 23 21 0 20 21 20 23 
24 0 21 0 18 21 0 21 21 26 0 19 24 21 19 17 17 20 20 0 22 21 0 0 27 0 0 19 19 17 22 21 
16 0 18 0 0 18 17 0 19 17 0 0 20 21 16 17 15 19 0 16 14 17 0 19 22 0 0 16 18 16 18 0 
0 23 22 26 0 24 26 0 20 0 21 0 22 22 0 21 19 28 0 18 20 26 26 24 23 24 19 29 26 0 28 0 
16 15 16 19 19 18 21 0 0 0 16 18 15 19 18 0 16 20 23 17 18 0 20 0 0 0 20 21 0 16 18 0 
18 17 0 20 18 20 21 18 0 16 17 15 17 23 0 0 20 19 0 0 22 22 0 22 0 28 20 0 20 20 19 0 
0 14 0 15 19 0 17 16 16 14 0 0 17 21 0 20 16 16 0 0 0 21 0 15 16 25 17 0 19 22 17 16 
0 0 18 20 0 0 0 21 19 16 0 0 16 0 20 23 20 21 19 18 0 22 21 18 20 22 18 23 21 22 0 17 
21 0 22 0 0 24 0 26 28 21 24 25 24 0 23 25 0 0 23 23 23 25 25 22 27 25 25 23 22 20 0 21 
29 26 27 0 29 26 28 32 32 24 25 26 0 24 28 29 0 0 28 28 26 29 29 26 28 32 0 32 26 0 33 24 
22 20 20 21 21 18 21 0 18 0 22 20 0 20 19 26 20 20 21 19 21 0 21 0 25 0 0 27 0 0 21 20 
18 18 18 18 15 16 18 0 0 0 0 0 16 15 18 0 0 0 17 0 17 18 16 19 15 21 0 0 18 19 19 20 
25 23 0 23 0 22 27 0 31 24 0 24 21 22 24 0 23 0 21 23 22 24 21 22 25 0 23 0 22 24 21 24 
25 0 0 27 0 0 30 25 24 22 21 22 0 21 25 24 24 27 22 22 24 26 27 0 22 0 20 27 33 21 24 0 
21 0 24 26 23 0 0 28 27 22 25 23 0 23 0 24 22 22 21 25 23 0 25 0 26 25 21 25 26 21 19 0 
22 24 25 0 21 22 0 25 26 21 22 24 25 0 0 26 22 24 0 23 0 0 22 21 26 25 19 29 20 0 24 23 
0 23 16 0 20 17 21 22 26 19 19 26 25 0 19 20 21 20 0 22 0 21 0 19 0 21 19 22 0 0 0 18 
0 17 18 21 15 17 17 16 0 0 17 0 19 21 15 16 0 20 20 0 15 18 0 19 0 21 0 18 0 20 0 15 
21 17 19 21 0 21 21 18 20 0 18 19 0 24 21 0 18 21 0 18 0 0 22 21 20 22 0 0 21 23 0 21 
0 0 0 22 20 21 25 0 23 19 18 20 20 24 18 0 0 24 0 20 19 0 26 20 27 21 0 24 22 24 0 20 
0 0 0 28 27 0 33 0 27 24 24 26 27 27 20 28 0 27 22 25 25 24 0 28 31 29 24 28 26 26 24 27 
26 26 25 22 21 0 0 26 27 26 24 0 25 25 22 21 21 0 21 22 23 23 0 23 0 0 21 22 21 0 25 20 
19 19 24 0 16 19 0 22 20 21 20 0 25 24 19 18 17 0 20 0 17 20 17 19 0 0 21 19 0 0 22 0 
22 25 23 0 17 21 23 21 0 21 0 19 27 0 0 22 22 24 21 0 21 21 21 0 24 27 23 25 0 25 27 0 
21 20 19 23 0 17 21 20 0 0 0 17 0 0 0 21 17 23 19 14 0 20 22 0 19 22 16 0 22 19 21 19 
20 0 19 21 22 21 21 27 25 0 19 0 23 0 0 0 23 0 25 22 21 23 0 21 22 22 20 22 22 18 16 0 
19 0 0 25 24 20 26 24 22 21 18 0 22 22 0 0 22 26 19 22 0 25 25 0 0 25 0 24 26 21 21 20 
19 17 0 24 16 0 24 0 19 18 16 18 21 15 18 19 24 25 18 0 0 24 25 0 0 22 0 20 25 0 0 17 
18 19 18 22 20 0 0 0 17 17 0 20 0 16 17 16 0 18 0 0 19 16 18 16 24 17 22 16 0 0 0 18 
0 17 19 0 0 22 0 16 0 17 0 16 0 20 16 19 0 23 0 16 16 0 17 17 22 19 16 16 0 17 19 15 
0 22 26 0 0 27 25 28 0 27 25 22 30 26 22 28 23 29 25 25 24 0 25 24 26 0 23 0 22 26 24 23 
28 26 25 26 24 25 29 28 28 0 22 28 27 0 24 26 24 0 27 25 25 26 0 31 26 0 23 0 24 25 23 0 
0 0 18 30 19 19 26 18 17 0 18 20 0 0 16 0 19 24 0 0 17 25 24 19 0 0 17 26 22 18 17 18 
0 16 0 22 18 18 24 17 16 17 0 17 0 0 14 0 16 21 13 0 16 0 21 17 18 0 16 21 19 0 15 0 
19 18 0 18 0 0 21 18 22 16 0 19 19 16 0 22 15 0 18 23 15 0 17 20 21 18 0 18 0 0 17 0 
17 24 21 18 0 0 0 0 0 17 18 17 23 18 0 20 21 0 17 19 0 20 0 18 23 21 0 20 0 19 18 19 
20 20 17 0 19 17 0 0 0 21 24 0 26 19 21 18 22 23 19 16 0 21 0 0 22 23 18 0 17 23 0 21 
28 25 26 0 26 27 27 27 29 32 32 0 34 27 27 23 0 29 27 24 27 26 28 0 31 30 26 0 23 28 0 28 
30 0 26 33 30 28 38 29 31 0 29 33 30 30 28 29 0 36 0 30 25 33 31 34 0 33 29 37 29 26 27 25 
22 19 22 24 0 17 23 19 23 0 0 19 23 18 18 0 0 27 23 18 19 27 0 0 24 22 23 24 20 0 0 24 
24 19 0 20 0 18 25 21 21 21 16 0 21 0 20 0 0 22 23 17 19 21 0 0 19 22 21 19 0 0 21 23 
24 23 0 22 20 0 26 20 0 26 19 0 26 0 21 24 23 30 0 21 23 25 25 19 24 0 20 22 0 23 21 25 
0 24 24 23 21 0 0 21 0 24 22 18 28 22 21 24 20 24 0 17 19 19 20 21 22 0 0 0 20 22 19 0 
0 21 19 0 20 20 0 0 21 18 17 15 0 20 0 19 16 22 20 15 20 20 19 20 0 23 0 0 17 21 20 0 
19 0 18 0 16 19 18 0 20 18 17 21 0 20 0 18 20 0 16 0 0 0 17 16 0 22 18 16 18 18 19 18 
23 0 22 28 22 20 25 22 26 0 0 25 26 24 22 25 20 0 22 0 0 0 24 23 26 27 25 21 23 25 0 21 
0 17 16 21 21 0 21 20 24 0 18 19 19 0 0 22 0 20 17 18 21 0 21 24 0 22 17 0 21 0 17 19 
0 28 26 33 25 23 0 25 24 0 26 26 26 29 0 22 24 28 24 0 24 26 25 0 30 28 27 36 24 0 26 25 
26 30 29 29 30 27 0 26 28 33 31 29 32 32 25 0 24 29 27 0 0 30 29 0 35 32 29 31 0 25 29 26 
20 0 19 0 21 22 23 21 21 23 0 20 23 22 23 0 18 20 24 25 0 21 0 22 25 0 0 19 0 19 23 21 
17 0 0 0 16 17 16 17 0 13 0 17 0 17 18 13 19 0 17 22 14 16 0 16 17 0 0 15 16 16 0 16 
18 20 0 24 0 20 21 0 0 21 22 0 0 18 18 17 18 0 0 19 20 23 23 16 21 21 20 18 23 20 0 0 
15 16 18 21 0 0 20 0 18 20 19 0 17 0 17 18 0 16 0 17 17 0 20 18 0 19 17 0 19 17 16 0 
19 21 20 19 20 0 23 0 24 0 17 22 22 0 16 20 19 0 19 0 18 22 0 26 23 21 19 19 21 0 0 0 
16 20 18 19 22 18 0 18 20 0 0 22 0 0 17 18 0 0 0 21 16 16 0 17 22 17 16 19 0 16 16 0 
16 0 17 20 24 26 0 20 22 22 0 0 0 20 0 0 0 24 0 19 18 18 21 18 24 22 19 18 0 17 18 21 
0 0 22 0 0 28 20 24 0 25 21 0 27 25 0 0 19 27 22 21 21 0 22 20 23 23 21 19 21 20 19 20 
0 18 0 0 0 19 21 21 0 19 19 16 22 19 19 21 21 23 21 19 0 0 19 0 0 22 0 16 19 20 19 16 
27 24 0 27 23 24 31 27 23 28 22 23 27 22 26 24 26 28 24 26 0 27 27 0 0 0 0 0 25 25 25 22 
30 23 26 27 27 0 29 0 29 25 23 27 30 24 22 25 24 29 22 0 27 26 27 28 28 0 27 0 25 0 0 24 
0 18 19 14 19 0 19 0 16 0 0 0 14 18 17 20 15 18 18 16 0 0 17 0 21 0 20 22 0 17 17 17 
15 0 15 14 0 17 0 0 17 0 18 18 18 0 15 18 17 19 18 17 22 0 17 0 22 0 17 20 0 12 0 20 
19 0 20 23 0 22 0 21 0 17 20 20 19 0 21 0 22 22 21 21 20 29 22 20 0 24 22 23 19 19 0 0 
25 22 20 0 23 24 29 31 0 20 21 23 25 23 27 0 0 0 28 25 25 28 24 24 0 31 24 25 23 20 28 0 
21 19 0 0 21 20 24 21 25 21 18 21 24 21 0 24 0 0 0 0 23 20 0 25 23 25 24 0 22 21 22 19 
24 17 0 23 24 24 21 17 22 19 19 17 0 25 0 19 20 21 0 0 22 20 0 21 21 26 0 0 23 0 22 19 
0 19 23 24 26 0 26 25 23 19 0 0 0 22 23 25 21 27 24 21 0 28 26 22 24 28 0 34 24 0 27 21 
18 0 19 19 0 0 24 19 24 0 21 25 24 18 0 22 19 0 0 20 17 21 20 21 0 22 0 21 0 18 17 18 
21 0 19 22 21 23 0 0 0 0 22 24 21 24 21 19 20 26 0 19 0 26 0 25 0 25 22 22 19 22 20 21 
0 18 18 20 21 15 0 0 0 16 20 19 0 0 17 0 16 20 15 0 0 21 0 17 19 0 16 20 19 19 17 18 
0 16 18 0 18 20 18 14 20 21 18 0 0 0 16 0 15 18 18 0 17 19 20 0 18 0 15 0 16 21 0 16 
24 15 0 0 18 20 20 20 20 22 0 0 21 17 22 19 19 21 17 18 19 0 19 0 22 19 16 0 15 0 0 0 
30 26 0 30 31 28 36 28 30 25 0 31 28 30 26 29 0 33 25 29 24 0 28 31 32 31 26 34 26 0 26 0 
25 27 31 26 0 0 28 25 31 27 26 26 31 26 0 30 0 0 25 27 23 27 27 25 28 27 0 28 0 22 25 23 
20 0 18 22 15 0 24 20 0 0 17 0 0 15 21 17 0 23 22 0 16 21 20 0 16 16 0 27 25 16 20 0 
22 22 23 22 19 25 0 20 0 0 21 0 22 22 0 24 0 29 21 0 22 0 19 22 26 25 0 24 22 20 24 23 
23 22 21 25 19 23 0 0 28 24 0 23 22 25 0 0 23 0 19 19 23 0 22 22 28 27 21 0 22 23 20 22 
20 20 15 0 19 18 18 0 24 17 0 20 21 0 20 0 19 0 0 18 0 24 19 17 16 21 19 0 17 0 20 21 
24 24 0 0 0 20 29 22 27 21 22 27 26 0 25 27 24 28 0 21 0 27 22 24 23 0 22 26 24 0 25 25 
0 23 0 22 0 24 28 23 25 22 23 29 27 23 26 24 25 23 18 23 22 24 0 23 0 0 21 22 0 21 0 23 
0 0 22 20 22 0 20 24 21 19 19 18 0 19 18 18 19 21 19 23 22 21 0 0 0 22 18 21 0 18 0 0 
24 26 23 32 25 0 31 21 0 0 0 24 29 24 20 24 23 34 0 21 20 29 28 24 29 0 25 24 29 25 0 25 
0 25 23 26 24 21 0 20 25 0 0 20 25 21 20 21 24 24 22 21 20 28 23 28 25 28 0 0 23 27 0 0 
0 15 22 17 0 17 0 21 17 20 21 15 20 21 15 0 0 18 17 14 15 20 0 0 18 20 0 0 16 0 19 0 
16 15 21 0 0 17 18 0 16 19 14 14 0 16 0 0 0 19 18 15 17 21 0 0 0 20 19 18 15 0 17 18 
17 21 0 0 22 20 22 0 22 22 19 0 0 0 0 21 18 23 21 22 21 23 21 18 0 24 22 22 0 23 21 21 
19 0 0 20 18 22 24 24 25 21 18 0 22 0 24 22 18 0 25 0 0 0 22 19 22 24 21 21 0 23 22 19 
19 0 25 23 19 0 23 24 0 21 23 24 25 27 21 22 20 0 0 0 0 0 20 19 23 0 22 18 19 21 19 18 
29 27 24 25 0 0 30 27 27 0 24 21 0 26 29 28 24 25 27 23 0 24 0 30 28 28 23 0 25 27 28 25 
21 18 15 17 0 16 0 19 20 0 17 0 0 17 18 15 17 0 18 14 0 18 16 19 0 0 18 0 17 0 20 16 
17 18 19 19 16 16 0 23 19 22 17 0 19 23 16 0 18 0 0 18 21 0 16 16 0 0 0 17 18 0 0 16 
20 20 24 0 19 21 20 23 24 26 21 22 29 27 19 0 22 22 0 0 20 0 22 21 22 28 0 19 0 25 0 0 
0 0 0 0 20 29 24 0 25 25 17 21 26 24 17 22 0 24 18 0 19 19 22 25 24 25 23 23 0 25 22 0 
0 0 0 26 18 21 27 0 0 21 0 18 21 0 0 19 0 27 19 16 20 23 24 0 22 20 21 27 25 20 18 21 
28 31 24 29 22 0 31 25 0 26 0 23 30 0 0 28 24 31 25 21 27 26 0 0 29 28 24 30 25 26 28 28 
21 21 0 30 24 21 0 21 0 22 24 25 0 24 20 22 24 0 20 0 22 22 21 0 27 25 27 25 25 21 0 21 
0 20 0 30 25 18 21 21 0 0 22 22 0 23 0 19 24 0 20 22 22 20 23 23 22 22 23 27 23 0 0 21 
0 0 19 0 17 18 21 16 23 0 0 18 22 18 0 16 18 19 20 21 18 18 0 25 22 0 0 22 19 0 19 17 
16 0 13 0 15 0 18 17 18 13 0 16 20 0 17 16 0 13 17 13 14 0 0 19 0 0 0 0 14 15 18 16 
22 20 24 23 22 0 22 23 24 22 21 20 21 0 24 0 0 20 22 19 0 0 19 21 0 24 18 0 0 20 20 21 
21 27 26 27 0 29 23 0 23 29 24 0 24 26 21 0 20 27 0 20 0 29 27 25 27 28 22 23 0 26 26 0 
22 27 26 26 0 25 0 0 23 29 24 0 25 26 21 21 22 25 0 0 21 26 29 0 33 26 22 27 25 24 25 0 
19 19 0 22 21 21 0 0 0 18 0 21 19 23 18 21 18 24 20 22 0 0 0 23 27 21 20 20 17 0 19 0 
23 0 0 24 24 23 30 25 24 0 0 24 20 22 20 23 19 27 0 22 20 0 22 25 0 26 20 27 20 0 21 0 
22 0 19 0 19 19 22 21 19 0 21 0 25 19 19 19 20 22 0 20 20 20 19 0 0 24 20 0 19 21 0 19 
16 19 20 0 0 0 15 18 20 23 19 0 28 20 0 15 18 0 18 19 19 21 18 0 18 21 0 0 0 20 0 17 
0 15 20 18 0 0 16 14 19 15 15 16 0 0 0 0 15 0 14 0 15 20 18 13 17 0 0 19 0 15 16 14 
0 25 26 31 28 25 31 21 28 25 25 24 0 0 22 0 0 30 23 0 22 32 30 24 26 0 22 31 29 26 23 22 
28 29 28 31 31 27 0 0 0 25 30 28 29 31 27 27 0 32 27 26 0 30 0 30 34 31 29 30 26 26 28 27 
0 0 0 17 18 18 0 0 18 16 16 0 19 15 15 16 0 0 15 17 16 20 19 16 0 0 16 20 16 0 17 14 
0 0 0 23 0 23 25 0 20 0 19 17 0 22 18 19 0 24 17 20 0 20 21 24 22 23 14 0 21 22 20 19 
26 23 22 0 0 22 22 23 22 0 20 19 0 23 22 21 20 23 22 0 0 20 21 27 22 27 20 0 0 22 30 0 
29 31 34 0 25 0 32 31 29 29 27 26 36 30 26 30 28 27 26 0 26 27 0 31 30 33 28 27 0 29 32 0 
28 27 26 27 25 0 27 26 27 27 26 26 31 33 24 0 28 27 0 25 28 0 0 26 28 28 0 28 25 27 0 28 
24 20 18 27 14 18 21 18 0 20 0 18 22 0 0 0 20 27 0 16 24 0 23 0 20 21 0 23 20 20 0 22 
17 18 16 22 14 19 0 18 0 17 0 0 19 0 0 16 16 0 18 15 18 17 16 0 0 0 16 20 18 0 20 16 
18 0 0 16 0 17 0 17 17 15 17 15 20 0 0 19 19 15 0 0 22 17 0 16 21 20 18 0 18 19 0 16 
16 12 0 17 17 14 16 0 17 0 13 19 16 18 0 16 13 14 0 0 19 0 0 0 23 0 15 0 0 14 13 16 
19 22 18 0 19 20 22 0 24 0 17 22 22 19 21 26 0 0 23 20 21 0 20 0 24 0 21 25 0 17 23 21 
0 23 21 0 26 0 24 32 28 19 0 0 23 21 23 27 0 0 22 23 0 23 23 20 24 26 22 29 23 24 28 22 
0 16 19 22 24 0 27 23 0 14 0 0 20 20 21 0 20 28 21 19 0 28 25 20 0 27 19 26 23 23 22 0 
28 20 22 28 25 25 32 28 0 19 21 22 0 26 27 0 23 29 26 24 24 32 28 24 0 31 0 29 26 0 26 0 
23 0 22 26 0 23 0 22 24 20 24 23 0 0 25 23 26 23 23 25 24 28 28 21 27 26 0 27 23 0 0 23 
0 21 0 21 21 23 0 18 23 23 20 0 22 0 21 21 23 23 21 23 20 20 22 21 24 26 0 0 0 30 20 0 
23 25 0 26 24 22 28 23 29 0 0 0 31 0 23 23 24 29 29 26 22 28 27 23 27 29 23 28 0 29 0 27 
21 24 23 0 23 19 24 0 26 0 0 18 0 22 0 21 21 25 22 23 19 28 25 20 0 26 22 22 25 22 0 22 
18 21 19 0 20 0 23 0 0 19 20 18 0 19 0 22 20 24 0 19 20 24 22 17 0 0 21 22 21 19 20 23 
23 19 22 23 0 0 22 20 0 23 19 18 25 21 14 0 0 26 0 16 16 21 0 0 23 0 18 18 17 0 18 22 
18 0 20 18 0 15 20 22 16 19 23 17 22 22 19 0 0 0 22 0 0 0 0 0 18 21 18 17 17 0 19 16 
0 0 23 21 17 20 0 20 22 24 22 18 23 25 21 19 16 0 15 0 0 0 19 22 24 24 0 0 18 24 19 0 
17 17 0 19 22 20 0 18 17 19 0 16 0 14 17 14 0 19 0 24 0 17 17 0 0 21 0 16 0 15 17 16 
21 21 0 19 18 18 24 25 21 0 16 19 22 0 20 18 22 0 20 24 0 22 0 0 0 25 0 20 20 19 19 0 
0 20 17 0 0 19 19 20 0 0 18 17 23 0 18 24 19 0 22 19 17 0 0 18 23 21 17 19 19 20 20 0 
0 17 19 0 0 0 20 0 0 21 20 17 23 18 19 24 20 23 17 0 21 0 19 16 23 22 18 20 18 0 0 17 
24 0 21 23 22 0 25 0 23 22 21 0 25 21 0 0 20 28 19 0 26 28 25 20 23 21 22 22 27 0 0 20 
29 0 30 27 28 30 29 31 29 30 27 0 32 30 0 0 26 32 26 24 29 29 30 27 31 0 26 0 28 26 24 28 
23 24 23 28 26 27 0 21 23 25 0 27 0 22 23 20 0 24 0 23 22 21 23 23 30 0 25 0 0 23 22 25 
27 25 0 28 0 28 0 28 29 27 27 28 29 26 0 29 29 30 22 24 29 0 27 24 34 0 23 26 28 25 26 27 
26 20 0 23 0 19 29 22 0 0 18 0 20 19 21 21 0 32 21 0 22 23 21 20 23 0 0 27 26 19 25 22 
21 20 17 0 16 17 21 16 0 0 14 0 18 0 14 18 0 23 0 0 0 20 17 16 20 17 0 24 23 0 24 17 
19 0 19 0 19 0 22 24 21 17 16 18 0 0 19 20 19 21 0 21 0 21 23 0 17 20 17 26 24 0 18 0 
21 0 19 22 17 0 22 0 24 20 0 22 0 19 18 0 18 0 20 17 20 21 21 0 19 20 20 0 20 18 17 0 
0 22 19 20 17 18 22 0 25 19 0 20 22 20 21 0 19 0 17 20 20 25 0 20 0 25 21 0 0 24 0 20 
0 21 24 23 23 24 0 31 24 24 27 24 27 26 0 22 23 23 22 23 21 0 0 22 0 30 20 22 0 21 0 20 
22 20 24 23 22 0 22 23 24 22 21 20 21 0 24 0 0 20 22 19 0 0 19 21 0 24 18 0 0 20 20 21 
16 0 13 0 15 0 18 17 18 13 0 16 20 0 17 16 0 13 17 13 14 0 0 19 0 0 0 0 14 15 18 16 
0 0 19 0 17 18 21 16 23 0 0 18 22 18 0 16 18 19 20 21 18 18 0 25 22 0 0 22 19 0 19 17 
0 20 0 30 25 18 21 21 0 0 22 22 0 23 0 19 24 0 20 22 22 20 23 23 22 22 23 27 23 0 0 21 
21 21 0 30 24 21 0 21 0 22 24 25 0 24 20 22 24 0 20 0 22 22 21 0 27 25 27 25 25 21 0 21 
22 27 26 26 0 25 0 0 23 29 24 0 25 26 21 21 22 25 0 0 21 26 29 0 33 26 22 27 25 24 25 0 
21 27 26 27 0 29 23 0 23 29 24 0 24 26 21 0 20 27 0 20 0 29 27 25 27 28 22 23 0 26 26 0 
21 0 19 22 17 0 22 0 24 20 0 22 0 19 18 0 18 0 20 17 20 21 21 0 19 20 20 0 20 18 17 0 
19 0 19 0 19 0 22 24 21 17 16 18 0 0 19 20 19 21 0 21 0 21 23 0 17 20 17 26 24 0 18 0 
21 20 17 0 16 17 21 16 0 0 14 0 18 0 14 18 0 23 0 0 0 20 17 16 20 17 0 24 23 0 24 17 
26 20 0 23 0 19 29 22 0 0 18 0 20 19 21 21 0 32 21 0 22 23 21 20 23 0 0 27 26 19 25 22 
27 25 0 28 0 28 0 28 29 27 27 28 29 26 0 29 29 30 22 24 29 0 27 24 34 0 23 26 28 25 26 27 
0 21 24 23 23 24 0 31 24 24 27 24 27 26 0 22 23 23 22 23 21 0 0 22 0 30 20 22 0 21 0 20 
0 22 19 20 17 18 22 0 25 19 0 20 22 20 21 0 19 0 17 20 20 25 0 20 0 25 21 0 0 24 0 20 
24 0 21 23 22 0 25 0 23 22 21 0 25 21 0 0 20 28 19 0 26 28 25 20 23 21 22 22 27 0 0 20 
0 17 19 0 0 0 20 0 0 21 20 17 23 18 19 24 20 23 17 0 21 0 19 16 23 22 18 20 18 0 0 17 
0 20 17 0 0 19 19 20 0 0 18 17 23 0 18 24 19 0 22 19 17 0 0 18 23 21 17 19 19 20 20 0 
21 21 0 19 18 18 24 25 21 0 16 19 22 0 20 18 22 0 20 24 0 22 0 0 0 25 0 20 20 19 19 0 
17 17 0 19 22 20 0 18 17 19 0 16 0 14 17 14 0 19 0 24 0 17 17 0 0 21 0 16 0 15 17 16 
23 24 23 28 26 27 0 21 23 25 0 27 0 22 23 20 0 24 0 23 22 21 23 23 30 0 25 0 0 23 22 25 
29 0 30 27 28 30 29 31 29 30 27 0 32 30 0 0 26 32 26 24 29 29 30 27 31 0 26 0 28 26 24 28 
23 19 22 23 0 0 22 20 0 23 19 18 25 21 14 0 0 26 0 16 16 21 0 0 23 0 18 18 17 0 18 22 
18 21 19 0 20 0 23 0 0 19 20 18 0 19 0 22 20 24 0 19 20 24 22 17 0 0 21 22 21 19 20 23 
21 24 23 0 23 19 24 0 26 0 0 18 0 22 0 21 21 25 22 23 19 28 25 20 0 26 22 22 25 22 0 22 
23 25 0 26 24 22 28 23 29 0 0 0 31 0 23 23 24 29 29 26 22 28 27 23 27 29 23 28 0 29 0 27 
0 21 0 21 21 23 0 18 23 23 20 0 22 0 21 21 23 23 21 23 20 20 22 21 24 26 0 0 0 30 20 0 
0 0 23 21 17 20 0 20 22 24 22 18 23 25 21 19 16 0 15 0 0 0 19 22 24 24 0 0 18 24 19 0 
18 0 20 18 0 15 20 22 16 19 23 17 22 22 19 0 0 0 22 0 0 0 0 0 18 21 18 17 17 0 19 16 
0 16 19 22 24 0 27 23 0 14 0 0 20 20 21 0 20 28 21 19 0 28 25 20 0 27 19 26 23 23 22 0 
0 23 21 0 26 0 24 32 28 19 0 0 23 21 23 27 0 0 22 23 0 23 23 20 24 26 22 29 23 24 28 22 
19 22 18 0 19 20 22 0 24 0 17 22 22 19 21 26 0 0 23 20 21 0 20 0 24 0 21 25 0 17 23 21 
16 12 0 17 17 14 16 0 17 0 13 19 16 18 0 16 13 14 0 0 19 0 0 0 23 0 15 0 0 14 13 16 
18 0 0 16 0 17 0 17 17 15 17 15 20 0 0 19 19 15 0 0 22 17 0 16 21 20 18 0 18 19 0 16 
23 0 22 26 0 23 0 22 24 20 24 23 0 0 25 23 26 23 23 25 24 28 28 21 27 26 0 27 23 0 0 23 
28 20 22 28 25 25 32 28 0 19 21 22 0 26 27 0 23 29 26 24 24 32 28 24 0 31 0 29 26 0 26 0 
28 27 26 27 25 0 27 26 27 27 26 26 31 33 24 0 28 27 0 25 28 0 0 26 28 28 0 28 25 27 0 28 
29 31 34 0 25 0 32 31 29 29 27 26 36 30 26 30 28 27 26 0 26 27 0 31 30 33 28 27 0 29 32 0 
26 23 22 0 0 22 22 23 22 0 20 19 0 23 22 21 20 23 22 0 0 20 21 27 22 27 20 0 0 22 30 0 
0 0 0 23 0 23 25 0 20 0 19 17 0 22 18 19 0 24 17 20 0 20 21 24 22 23 14 0 21 22 20 19 
0 0 0 17 18 18 0 0 18 16 16 0 19 15 15 16 0 0 15 17 16 20 19 16 0 0 16 20 16 0 17 14 
17 18 16 22 14 19 0 18 0 17 0 0 19 0 0 16 16 0 18 15 18 17 16 0 0 0 16 20 18 0 20 16 
24 20 18 27 14 18 21 18 0 20 0 18 22 0 0 0 20 27 0 16 24 0 23 0 20 21 0 23 20 20 0 22 
0 15 20 18 0 0 16 14 19 15 15 16 0 0 0 0 15 0 14 0 15 20 18 13 17 0 0 19 0 15 16 14 
16 19 20 0 0 0 15 18 20 23 19 0 28 20 0 15 18 0 18 19 19 21 18 0 18 21 0 0 0 20 0 17 
22 0 19 0 19 19 22 21 19 0 21 0 25 19 19 19 20 22 0 20 20 20 19 0 0 24 20 0 19 21 0 19 
23 0 0 24 24 23 30 25 24 0 0 24 20 22 20 23 19 27 0 22 20 0 22 25 0 26 20 27 20 0 21 0 
19 19 0 22 21 21 0 0 0 18 0 21 19 23 18 21 18 24 20 22 0 0 0 23 27 21 20 20 17 0 19 0 
28 29 28 31 31 27 0 0 0 25 30 28 29 31 27 27 0 32 27 26 0 30 0 30 34 31 29 30 26 26 28 27 
0 25 26 31 28 25 31 21 28 25 25 24 0 0 22 0 0 30 23 0 22 32 30 24 26 0 22 31 29 26 23 22 
17 0 0 0 16 17 16 17 0 13 0 17 0 17 18 13 19 0 17 22 14 16 0 16 17 0 0 15 16 16 0 16 
20 0 19 0 21 22 23 21 21 23 0 20 23 22 23 0 18 20 24 25 0 21 0 22 25 0 0 19 0 19 23 21 
26 30 29 29 30 27 0 26 28 33 31 29 32 32 25 0 24 29 27 0 0 30 29 0 35 32 29 31 0 25 29 26 
0 28 26 33 25 23 0 25 24 0 26 26 26 29 0 22 24 28 24 0 24 26 25 0 30 28 27 36 24 0 26 25 
0 17 16 21 21 0 21 20 24 0 18 19 19 0 0 22 0 20 17 18 21 0 21 24 0 22 17 0 21 0 17 19 
15 16 18 21 0 0 20 0 18 20 19 0 17 0 17 18 0 16 0 17 17 0 20 18 0 19 17 0 19 17 16 0 
18 20 0 24 0 20 21 0 0 21 22 0 0 18 18 17 18 0 0 19 20 23 23 16 21 21 20 18 23 20 0 0 
0 0 0 0 20 29 24 0 25 25 17 21 26 24 17 22 0 24 18 0 19 19 22 25 24 25 23 23 0 25 22 0 
20 20 24 0 19 21 20 23 24 26 21 22 29 27 19 0 22 22 0 0 20 0 22 21 22 28 0 19 0 25 0 0 
17 18 19 19 16 16 0 23 19 22 17 0 19 23 16 0 18 0 0 18 21 0 16 16 0 0 0 17 18 0 0 16 
21 18 15 17 0 16 0 19 20 0 17 0 0 17 18 15 17 0 18 14 0 18 16 19 0 0 18 0 17 0 20 16 
29 27 24 25 0 0 30 27 27 0 24 21 0 26 29 28 24 25 27 23 0 24 0 30 28 28 23 0 25 27 28 25 
28 31 24 29 22 0 31 25 0 26 0 23 30 0 0 28 24 31 25 21 27 26 0 0 29 28 24 30 25 26 28 28 
0 0 0 26 18 21 27 0 0 21 0 18 21 0 0 19 0 27 19 16 20 23 24 0 22 20 21 27 25 20 18 21 
17 21 0 0 22 20 22 0 22 22 19 0 0 0 0 21 18 23 21 22 21 23 21 18 0 24 22 22 0 23 21 21 
16 15 21 0 0 17 18 0 16 19 14 14 0 16 0 0 0 19 18 15 17 21 0 0 0 20 19 18 15 0 17 18 
0 15 22 17 0 17 0 21 17 20 21 15 20 21 15 0 0 18 17 14 15 20 0 0 18 20 0 0 16 0 19 0 
0 25 23 26 24 21 0 20 25 0 0 20 25 21 20 21 24 24 22 21 20 28 23 28 25 28 0 0 23 27 0 0 
24 26 23 32 25 0 31 21 0 0 0 24 29 24 20 24 23 34 0 21 20 29 28 24 29 0 25 24 29 25 0 25 
19 0 25 23 19 0 23 24 0 21 23 24 25 27 21 22 20 0 0 0 0 0 20 19 23 0 22 18 19 21 19 18 
19 0 0 20 18 22 24 24 25 21 18 0 22 0 24 22 18 0 25 0 0 0 22 19 22 24 21 21 0 23 22 19 
24 24 0 0 0 20 29 22 27 21 22 27 26 0 25 27 24 28 0 21 0 27 22 24 23 0 22 26 24 0 25 25 
20 20 15 0 19 18 18 0 24 17 0 20 21 0 20 0 19 0 0 18 0 24 19 17 16 21 19 0 17 0 20 21 
23 22 21 25 19 23 0 0 28 24 0 23 22 25 0 0 23 0 19 19 23 0 22 22 28 27 21 0 22 23 20 22 
22 22 23 22 19 25 0 20 0 0 21 0 22 22 0 24 0 29 21 0 22 0 19 22 26 25 0 24 22 20 24 23 
20 0 18 22 15 0 24 20 0 0 17 0 0 15 21 17 0 23 22 0 16 21 20 0 16 16 0 27 25 16 20 0 
0 0 22 20 22 0 20 24 21 19 19 18 0 19 18 18 19 21 19 23 22 21 0 0 0 22 18 21 0 18 0 0 
0 23 0 22 0 24 28 23 25 22 23 29 27 23 26 24 25 23 18 23 22 24 0 23 0 0 21 22 0 21 0 23 
24 15 0 0 18 20 20 20 20 22 0 0 21 17 22 19 19 21 17 18 19 0 19 0 22 19 16 0 15 0 0 0 
0 16 18 0 18 20 18 14 20 21 18 0 0 0 16 0 15 18 18 0 17 19 20 0 18 0 15 0 16 21 0 16 
0 18 18 20 21 15 0 0 0 16 20 19 0 0 17 0 16 20 15 0 0 21 0 17 19 0 16 20 19 19 17 18 
21 0 19 22 21 23 0 0 0 0 22 24 21 24 21 19 20 26 0 19 0 26 0 25 0 25 22 22 19 22 20 21 
18 0 19 19 0 0 24 19 24 0 21 25 24 18 0 22 19 0 0 20 17 21 20 21 0 22 0 21 0 18 17 18 
25 27 31 26 0 0 28 25 31 27 26 26 31 26 0 30 0 0 25 27 23 27 27 25 28 27 0 28 0 22 25 23 
30 26 0 30 31 28 36 28 30 25 0 31 28 30 26 29 0 33 25 29 24 0 28 31 32 31 26 34 26 0 26 0 
21 19 0 0 21 20 24 21 25 21 18 21 24 21 0 24 0 0 0 0 23 20 0 25 23 25 24 0 22 21 22 19 
25 22 20 0 23 24 29 31 0 20 21 23 25 23 27 0 0 0 28 25 25 28 24 24 0 31 24 25 23 20 28 0 
19 0 20 23 0 22 0 21 0 17 20 20 19 0 21 0 22 22 21 21 20 29 22 20 0 24 22 23 19 19 0 0 
15 0 15 14 0 17 0 0 17 0 18 18 18 0 15 18 17 19 18 17 22 0 17 0 22 0 17 20 0 12 0 20 
0 18 19 14 19 0 19 0 16 0 0 0 14 18 17 20 15 18 18 16 0 0 17 0 21 0 20 22 0 17 17 17 
0 19 23 24 26 0 26 25 23 19 0 0 0 22 23 25 21 27 24 21 0 28 26 22 24 28 0 34 24 0 27 21 
24 17 0 23 24 24 21 17 22 19 19 17 0 25 0 19 20 21 0 0 22 20 0 21 21 26 0 0 23 0 22 19 
0 18 0 0 0 19 21 21 0 19 19 16 22 19 19 21 21 23 21 19 0 0 19 0 0 22 0 16 19 20 19 16 
0 0 22 0 0 28 20 24 0 25 21 0 27 25 0 0 19 27 22 21 21 0 22 20 23 23 21 19 21 20 19 20 
16 0 17 20 24 26 0 20 22 22 0 0 0 20 0 0 0 24 0 19 18 18 21 18 24 22 19 18 0 17 18 21 
16 20 18 19 22 18 0 18 20 0 0 22 0 0 17 18 0 0 0 21 16 16 0 17 22 17 16 19 0 16 16 0 
19 21 20 19 20 0 23 0 24 0 17 22 22 0 16 20 19 0 19 0 18 22 0 26 23 21 19 19 21 0 0 0 
30 23 26 27 27 0 29 0 29 25 23 27 30 24 22 25 24 29 22 0 27 26 27 28 28 0 27 0 25 0 0 24 
27 24 0 27 23 24 31 27 23 28 22 23 27 22 26 24 26 28 24 26 0 27 27 0 0 0 0 0 25 25 25 22 
24 0 21 0 18 21 0 21 21 26 0 19 24 21 19 17 17 20 20 0 22 21 0 0 27 0 0 19 19 17 22 21 
21 20 21 22 21 0 0 23 22 22 22 20 21 0 21 21 0 20 22 0 20 0 19 0 0 23 21 0 20 21 20 23 
16 16 0 21 17 0 18 18 0 16 16 14 0 0 14 20 0 0 17 18 19 0 16 16 0 21 19 0 20 17 0 17 
21 21 0 27 25 23 22 20 0 22 24 25 0 26 20 0 24 0 23 28 0 25 21 21 27 25 24 22 0 22 0 23 
0 26 24 28 29 26 25 25 26 0 26 28 26 31 0 0 26 30 26 24 0 26 25 29 28 32 27 35 0 0 27 23 
0 23 22 26 0 24 26 0 20 0 21 0 22 22 0 21 19 28 0 18 20 26 26 24 23 24 19 29 26 0 28 0 
16 0 18 0 0 18 17 0 19 17 0 0 20 21 16 17 15 19 0 16 14 17 0 19 22 0 0 16 18 16 18 0 
0 21 19 0 20 20 0 0 21 18 17 15 0 20 0 19 16 22 20 15 20 20 19 20 0 23 0 0 17 21 20 0 
0 24 24 23 21 0 0 21 0 24 22 18 28 22 21 24 20 24 0 17 19 19 20 21 22 0 0 0 20 22 19 0 
24 23 0 22 20 0 26 20 0 26 19 0 26 0 21 24 23 30 0 21 23 25 25 19 24 0 20 22 0 23 21 25 
24 19 0 20 0 18 25 21 21 21 16 0 21 0 20 0 0 22 23 17 19 21 0 0 19 22 21 19 0 0 21 23 
22 19 22 24 0 17 23 19 23 0 0 19 23 18 18 0 0 27 23 18 19 27 0 0 24 22 23 24 20 0 0 24 
23 0 22 28 22 20 25 22 26 0 0 25 26 24 22 25 20 0 22 0 0 0 24 23 26 27 25 21 23 25 0 21 
19 0 18 0 16 19 18 0 20 18 17 21 0 20 0 18 20 0 16 0 0 0 17 16 0 22 18 16 18 18 19 18 
20 20 17 0 19 17 0 0 0 21 24 0 26 19 21 18 22 23 19 16 0 21 0 0 22 23 18 0 17 23 0 21 
17 24 21 18 0 0 0 0 0 17 18 17 23 18 0 20 21 0 17 19 0 20 0 18 23 21 0 20 0 19 18 19 
19 18 0 18 0 0 21 18 22 16 0 19 19 16 0 22 15 0 18 23 15 0 17 20 21 18 0 18 0 0 17 0 
0 16 0 22 18 18 24 17 16 17 0 17 0 0 14 0 16 21 13 0 16 0 21 17 18 0 16 21 19 0 15 0 
0 0 18 30 19 19 26 18 17 0 18 20 0 0 16 0 19 24 0 0 17 25 24 19 0 0 17 26 22 18 17 18 
30 0 26 33 30 28 38 29 31 0 29 33 30 30 28 29 0 36 0 30 25 33 31 34 0 33 29 37 29 26 27 25 
28 25 26 0 26 27 27 27 29 32 32 0 34 27 27 23 0 29 27 24 27 26 28 0 31 30 26 0 23 28 0 28 
0 17 19 0 0 22 0 16 0 17 0 16 0 20 16 19 0 23 0 16 16 0 17 17 22 19 16 16 0 17 19 15 
18 19 18 22 20 0 0 0 17 17 0 20 0 16 17 16 0 18 0 0 19 16 18 16 24 17 22 16 0 0 0 18 
19 17 0 24 16 0 24 0 19 18 16 18 21 15 18 19 24 25 18 0 0 24 25 0 0 22 0 20 25 0 0 17 
19 0 0 25 24 20 26 24 22 21 18 0 22 22 0 0 22 26 19 22 0 25 25 0 0 25 0 24 26 21 21 20 
20 0 19 21 22 21 21 27 25 0 19 0 23 0 0 0 23 0 25 22 21 23 0 21 22 22 20 22 22 18 16 0 
28 26 25 26 24 25 29 28 28 0 22 28 27 0 24 26 24 0 27 25 25 26 0 31 26 0 23 0 24 25 23 0 
0 22 26 0 0 27 25 28 0 27 25 22 30 26 22 28 23 29 25 25 24 0 25 24 26 0 23 0 22 26 24 23 
19 19 24 0 16 19 0 22 20 21 20 0 25 24 19 18 17 0 20 0 17 20 17 19 0 0 21 19 0 0 22 0 
26 26 25 22 21 0 0 26 27 26 24 0 25 25 22 21 21 0 21 22 23 23 0 23 0 0 21 22 21 0 25 20 
0 0 0 28 27 0 33 0 27 24 24 26 27 27 20 28 0 27 22 25 25 24 0 28 31 29 24 28 26 26 24 27 
0 0 0 22 20 21 25 0 23 19 18 20 20 24 18 0 0 24 0 20 19 0 26 20 27 21 0 24 22 24 0 20 
21 17 19 21 0 21 21 18 20 0 18 19 0 24 21 0 18 21 0 18 0 0 22 21 20 22 0 0 21 23 0 21 
21 20 19 23 0 17 21 20 0 0 0 17 0 0 0 21 17 23 19 14 0 20 22 0 19 22 16 0 22 19 21 19 
22 25 23 0 17 21 23 21 0 21 0 19 27 0 0 22 22 24 21 0 21 21 21 0 24 27 23 25 0 25 27 0 
22 24 25 0 21 22 0 25 26 21 22 24 25 0 0 26 22 24 0 23 0 0 22 21 26 25 19 29 20 0 24 23 
21 0 24 26 23 0 0 28 27 22 25 23 0 23 0 24 22 22 21 25 23 0 25 0 26 25 21 25 26 21 19 0 
25 0 0 27 0 0 30 25 24 22 21 22 0 21 25 24 24 27 22 22 24 26 27 0 22 0 20 27 33 21 24 0 
25 23 0 23 0 22 27 0 31 24 0 24 21 22 24 0 23 0 21 23 22 24 21 22 25 0 23 0 22 24 21 24 
18 18 18 18 15 16 18 0 0 0 0 0 16 15 18 0 0 0 17 0 17 18 16 19 15 21 0 0 18 19 19 20 
0 17 18 21 15 17 17 16 0 0 17 0 19 21 15 16 0 20 20 0 15 18 0 19 0 21 0 18 0 20 0 15 
0 23 16 0 20 17 21 22 26 19 19 26 25 0 19 20 21 20 0 22 0 21 0 19 0 21 19 22 0 0 0 18 
21 0 22 0 0 24 0 26 28 21 24 25 24 0 23 25 0 0 23 23 23 25 25 22 27 25 25 23 22 20 0 21 
0 0 18 20 0 0 0 21 19 16 0 0 16 0 20 23 20 21 19 18 0 22 21 18 20 22 18 23 21 22 0 17 
0 14 0 15 19 0 17 16 16 14 0 0 17 21 0 20 16 16 0 0 0 21 0 15 16 25 17 0 19 22 17 16 
18 17 0 20 18 20 21 18 0 16 17 15 17 23 0 0 20 19 0 0 22 22 0 22 0 28 20 0 20 20 19 0 
16 15 16 19 19 18 21 0 0 0 16 18 15 19 18 0 16 20 23 17 18 0 20 0 0 0 20 21 0 16 18 0 
22 20 20 21 21 18 21 0 18 0 22 20 0 20 19 26 20 20 21 19 21 0 21 0 25 0 0 27 0 0 21 20 
29 26 27 0 29 26 28 32 32 24 25 26 0 24 28 29 0 0 28 28 26 29 29 26 28 32 0 32 26 0 33 24 
