3923
3923
3923
3923
3923
219
246
164
148
130
131
149
145
148
221
201
154
167
150
171
169
128
124
215
218
152
215
124
128
169
171
152
218
154
201
221
148
145
150
167
130
148
164
246
219
149
131
171
129
147
279
241
103
125
176
163
184
149
109
160
217
155
194
191
170
191
126
142
147
240
215
145
153
161
122
148
193
171
146
192
170
150
146
167
160
186
184
173
128
132
135
141
171
168
196
186
197
269
245
148
130
93
129
126
163
177
173
218
194
134
193
154
134
124
133
199
214
147
145
191
201
162
147
178
146
222
165
131
214
187
104
132
163
154
139
145
197
193
117
120
167
176
218
218
153
212
148
168
175
177
109
187
157
114
141
199
198
173
161
212
186
132
147
170
173
144
142
183
141
141
169
188
169
176
141
136
149
135
184
223
221
188
161
145
123
147
168
274
245
165
125
108
101
164
177
175
168
148
212
187
109
108
125
165
245
274
164
101
123
145
161
188
221
168
147
135
149
136
141
176
223
184
169
141
141
183
142
169
188
170
147
132
186
212
144
173
198
199
141
114
157
161
173
130
148
245
269
197
129
93
218
176
167
120
117
153
218
145
139
154
163
132
193
197
214
131
165
222
146
104
187
162
201
191
145
147
178
147
133
124
134
154
193
214
199
218
173
177
163
126
134
194
241
279
147
129
171
125
103
168
171
141
135
132
186
196
184
186
160
167
146
128
173
192
146
171
193
148
150
170
153
145
215
240
147
122
161
191
170
191
194
155
142
126
109
149
184
163
176
217
160
172
158
195
194
171
124
166
217
223
149
129
162
150
149
192
223
189
170
145
108
144
145
170
189
223
192
144
108
162
129
149
223
217
149
150
171
194
195
158
172
166
124
226
187
122
162
159
123
179
133
144
123
145
189
242
161
123
187
195
189
187
152
125
149
159
219
186
146
174
144
165
173
148
128
125
209
215
149
124
130
136
149
239
273
166
151
184
165
141
134
189
145
220
251
165
115
147
125
150
128
148
170
143
211
218
124
122
162
206
168
162
194
149
168
127
124
141
251
222
137
173
182
141
195
188
148
213
188
126
121
162
165
165
218
122
128
172
173
158
223
185
171
142
106
164
200
200
151
177
156
134
108
217
249
118
151
173
253
226
152
122
124
106
162
192
169
215
193
169
216
181
157
148
133
152
124
151
143
144
176
246
191
235
173
131
147
145
152
189
164
106
142
171
185
200
200
145
147
131
173
235
189
152
176
144
143
151
124
191
246
148
157
181
216
169
152
133
169
192
162
106
124
193
215
226
253
173
151
118
122
152
108
134
156
177
151
249
217
115
165
251
220
145
125
147
173
172
128
122
218
223
158
162
121
126
188
213
165
165
195
141
182
173
137
148
188
141
124
127
168
149
222
251
168
206
162
122
124
194
162
143
170
148
128
150
218
211
159
162
122
187
226
179
123
141
165
184
151
166
189
134
149
136
130
124
149
273
239
125
128
148
173
165
215
209
146
186
219
159
149
144
174
187
189
195
187
123
125
152
189
145
123
144
133
161
242
